0	0.866025 0.5 0 -0.5 0.866025 0 0 0 1
0.002	0.866025 0.5 -4e-09 -0.5 0.866025 1.0718e-09 4e-09 1.0718e-09 1
0.004	0.866025 0.5 -3.2e-08 -0.5 0.866025 8.57437e-09 3.2e-08 8.57437e-09 1
0.006	0.866025 0.5 -1.08e-07 -0.5 0.866025 2.89385e-08 1.08e-07 2.89385e-08 1
0.008	0.866026 0.5 -2.56e-07 -0.5 0.866026 6.8595e-08 2.56e-07 6.8595e-08 1
0.01	0.866026 0.5 -5e-07 -0.5 0.866026 1.33974e-07 5e-07 1.33974e-07 1
0.012	0.866026 0.499999 -8.64e-07 -0.499999 0.866026 2.31508e-07 8.64e-07 2.31508e-07 1
0.014	0.866026 0.499999 -1.372e-06 -0.499999 0.866026 3.67625e-07 1.372e-06 3.67625e-07 1
0.016	0.866026 0.499998 -2.048e-06 -0.499998 0.866026 5.48758e-07 2.048e-06 5.48758e-07 1
0.018	0.866027 0.499997 -2.916e-06 -0.499997 0.866027 7.81336e-07 2.916e-06 7.81336e-07 1
0.02	0.866027 0.499997 -4e-06 -0.499997 0.866027 1.07179e-06 4e-06 1.07179e-06 1
0.022	0.866028 0.499995 -5.32401e-06 -0.499995 0.866028 1.42655e-06 5.32401e-06 1.42655e-06 1
0.024	0.866029 0.499994 -6.91201e-06 -0.499994 0.866029 1.85204e-06 6.91201e-06 1.85204e-06 1
0.026	0.86603 0.499992 -8.78802e-06 -0.499992 0.86603 2.3547e-06 8.78802e-06 2.3547e-06 1
0.028	0.866031 0.49999 -1.0976e-05 -0.49999 0.866031 2.94095e-06 1.0976e-05 2.94095e-06 1
0.03	0.866032 0.499988 -1.35e-05 -0.499988 0.866032 3.61723e-06 1.35e-05 3.61723e-06 1
0.032	0.866034 0.499986 -1.63841e-05 -0.499986 0.866034 4.38995e-06 1.63841e-05 4.38995e-06 1
0.034	0.866035 0.499983 -1.96521e-05 -0.499983 0.866035 5.26556e-06 1.96521e-05 5.26556e-06 1
0.036	0.866037 0.49998 -2.33281e-05 -0.49998 0.866037 6.25047e-06 2.33281e-05 6.25047e-06 1
0.038	0.866039 0.499976 -2.74362e-05 -0.499976 0.866039 7.3511e-06 2.74362e-05 7.3511e-06 1
0.04	0.866041 0.499972 -3.20003e-05 -0.499972 0.866041 8.5739e-06 3.20003e-05 8.5739e-06 1
0.042	0.866044 0.499968 -3.70444e-05 -0.499968 0.866044 9.92527e-06 3.70444e-05 9.92527e-06 1
0.044	0.866047 0.499963 -4.25925e-05 -0.499963 0.866047 1.14117e-05 4.25925e-05 1.14117e-05 1
0.046	0.86605 0.499958 -4.86686e-05 -0.499958 0.86605 1.30395e-05 4.86686e-05 1.30395e-05 1
0.048	0.866053 0.499952 -5.52968e-05 -0.499952 0.866053 1.48151e-05 5.52968e-05 1.48151e-05 1
0.05	0.866057 0.499946 -6.2501e-05 -0.499946 0.866057 1.6745e-05 6.2501e-05 1.6745e-05 1
0.052	0.866061 0.499939 -7.03053e-05 -0.499939 0.866061 1.88356e-05 7.03053e-05 1.88356e-05 1
0.054	0.866065 0.499932 -7.87337e-05 -0.499932 0.866065 2.10933e-05 7.87337e-05 2.10933e-05 1
0.056	0.866069 0.499924 -8.78101e-05 -0.499924 0.866069 2.35245e-05 8.78101e-05 2.35245e-05 1
0.058	0.866074 0.499916 -9.75585e-05 -0.499916 0.866074 2.61356e-05 9.75585e-05 2.61356e-05 1
0.06	0.866079 0.499906 -0.000108003 -0.499906 0.866079 2.89331e-05 0.000108003 2.89331e-05 1
0.062	0.866085 0.499897 -0.000119168 -0.499897 0.866085 3.19233e-05 0.000119168 3.19233e-05 1
0.064	0.866091 0.499886 -0.000131077 -0.499886 0.866091 3.51127e-05 0.000131077 3.51127e-05 1
0.066	0.866097 0.499876 -0.000143754 -0.499876 0.866097 3.85076e-05 0.000143754 3.85076e-05 1
0.068	0.866104 0.499864 -0.000157223 -0.499864 0.866104 4.21144e-05 0.000157223 4.21144e-05 1
0.07	0.866111 0.499851 -0.000171508 -0.499851 0.866111 4.59396e-05 0.000171508 4.59396e-05 1
0.072	0.866119 0.499838 -0.000186633 -0.499838 0.866119 4.99896e-05 0.000186633 4.99896e-05 1
0.074	0.866127 0.499825 -0.000202623 -0.499825 0.866127 5.42707e-05 0.000202623 5.42707e-05 1
0.076	0.866135 0.49981 -0.000219501 -0.49981 0.866135 5.87893e-05 0.000219501 5.87893e-05 1
0.078	0.866144 0.499794 -0.000237291 -0.499794 0.866144 6.35518e-05 0.000237291 6.35518e-05 1
0.08	0.866153 0.499778 -0.000256018 -0.499778 0.866153 6.85646e-05 0.000256018 6.85646e-05 1
0.082	0.866163 0.499761 -0.000275704 -0.499761 0.866163 7.3834e-05 0.000275704 7.3834e-05 1
0.084	0.866174 0.499743 -0.000296376 -0.499743 0.866174 7.93665e-05 0.000296376 7.93665e-05 1
0.086	0.866184 0.499725 -0.000318055 -0.499725 0.866184 8.51684e-05 0.000318055 8.51684e-05 1
0.088	0.866196 0.499705 -0.000340767 -0.499705 0.866196 9.1246e-05 0.000340767 9.1246e-05 1
0.09	0.866208 0.499684 -0.000364536 -0.499684 0.866208 9.76058e-05 0.000364536 9.76058e-05 1
0.092	0.86622 0.499663 -0.000389385 -0.499663 0.86622 0.000104254 0.000389385 0.000104254 1
0.094	0.866233 0.49964 -0.000415338 -0.49964 0.866233 0.000111197 0.000415338 0.000111197 1
0.096	0.866246 0.499617 -0.00044242 -0.499617 0.866247 0.000118441 0.00044242 0.000118441 1
0.098	0.866261 0.499592 -0.000470655 -0.499592 0.866261 0.000125993 0.000470655 0.000125993 1
0.1	0.866275 0.499567 -0.000500067 -0.499567 0.866275 0.000133859 0.000500067 0.000133859 1
0.102	0.86629 0.49954 -0.000530679 -0.49954 0.866291 0.000142044 0.000530679 0.000142044 1
0.104	0.866306 0.499513 -0.000562517 -0.499513 0.866307 0.000150556 0.000562517 0.000150556 1
0.106	0.866323 0.499484 -0.000595603 -0.499484 0.866323 0.000159401 0.000595603 0.000159401 1
0.108	0.86634 0.499454 -0.000629962 -0.499454 0.86634 0.000168585 0.000629962 0.000168585 1
0.11	0.866358 0.499423 -0.000665619 -0.499423 0.866358 0.000178115 0.000665619 0.000178115 1
0.112	0.866376 0.499391 -0.000702596 -0.499391 0.866376 0.000187996 0.000702596 0.000187996 1
0.114	0.866395 0.499358 -0.000740919 -0.499358 0.866396 0.000198234 0.000740919 0.000198234 1
0.116	0.866415 0.499324 -0.000780611 -0.499324 0.866415 0.000208838 0.000780611 0.000208838 1
0.118	0.866436 0.499288 -0.000821697 -0.499288 0.866436 0.000219811 0.000821697 0.000219811 1
0.12	0.866457 0.499251 -0.0008642 -0.499251 0.866457 0.000231161 0.0008642 0.000231161 1
0.122	0.866479 0.499213 -0.000908145 -0.499213 0.866479 0.000242895 0.000908145 0.000242895 1
0.124	0.866501 0.499174 -0.000953555 -0.499174 0.866502 0.000255017 0.000953555 0.000255017 1
0.126	0.866525 0.499133 -0.00100046 -0.499133 0.866525 0.000267535 0.00100046 0.000267535 0.999999
0.128	0.866549 0.499091 -0.00104887 -0.499091 0.866549 0.000280454 0.00104887 0.000280454 0.999999
0.13	0.866574 0.499048 -0.00109882 -0.499048 0.866574 0.000293782 0.00109882 0.000293782 0.999999
0.132	0.866599 0.499003 -0.00115034 -0.499003 0.8666 0.000307523 0.00115034 0.000307523 0.999999
0.134	0.866626 0.498957 -0.00120344 -0.498957 0.866626 0.000321685 0.00120344 0.000321685 0.999999
0.136	0.866653 0.49891 -0.00125815 -0.49891 0.866654 0.000336273 0.00125815 0.000336273 0.999999
0.138	0.866681 0.498861 -0.0013145 -0.498861 0.866682 0.000351293 0.0013145 0.000351293 0.999999
0.14	0.86671 0.498811 -0.0013725 -0.498811 0.866711 0.000366752 0.0013725 0.000366752 0.999999
0.142	0.866739 0.498759 -0.00143219 -0.498759 0.866741 0.000382656 0.00143219 0.000382656 0.999999
0.144	0.86677 0.498706 -0.00149359 -0.498706 0.866771 0.000399011 0.00149359 0.000399011 0.999999
0.146	0.866801 0.498651 -0.00155672 -0.498651 0.866803 0.000415822 0.00155672 0.000415822 0.999999
0.148	0.866834 0.498595 -0.0016216 -0.498595 0.866835 0.000433097 0.0016216 0.000433097 0.999999
0.15	0.866867 0.498537 -0.00168826 -0.498537 0.866868 0.000450841 0.00168826 0.000450841 0.999998
0.152	0.866901 0.498478 -0.00175673 -0.498478 0.866902 0.000469061 0.00175673 0.000469061 0.999998
0.154	0.866936 0.498417 -0.00182702 -0.498417 0.866937 0.000487761 0.00182702 0.000487761 0.999998
0.156	0.866971 0.498354 -0.00189917 -0.498354 0.866973 0.000506949 0.00189917 0.000506949 0.999998
0.158	0.867008 0.49829 -0.00197319 -0.49829 0.86701 0.00052663 0.00197319 0.00052663 0.999998
0.16	0.867046 0.498224 -0.00204912 -0.498224 0.867048 0.000546811 0.00204912 0.000546811 0.999998
0.162	0.867084 0.498157 -0.00212697 -0.498157 0.867087 0.000567497 0.00212697 0.000567497 0.999998
0.164	0.867124 0.498088 -0.00220677 -0.498088 0.867127 0.000588694 0.00220677 0.000588694 0.999997
0.166	0.867164 0.498017 -0.00228854 -0.498017 0.867167 0.000610409 0.00228854 0.000610409 0.999997
0.168	0.867206 0.497944 -0.00237232 -0.497944 0.867209 0.000632646 0.00237232 0.000632646 0.999997
0.17	0.867248 0.49787 -0.00245811 -0.49787 0.867252 0.000655413 0.00245811 0.000655413 0.999997
0.172	0.867292 0.497793 -0.00254595 -0.497793 0.867295 0.000678714 0.00254595 0.000678714 0.999997
0.174	0.867336 0.497715 -0.00263586 -0.497715 0.86734 0.000702557 0.00263586 0.000702557 0.999996
0.176	0.867382 0.497636 -0.00272787 -0.497636 0.867386 0.000726946 0.00272787 0.000726946 0.999996
0.178	0.867428 0.497554 -0.002822 -0.497554 0.867433 0.000751887 0.002822 0.000751887 0.999996
0.18	0.867476 0.49747 -0.00291827 -0.49747 0.867481 0.000777387 0.00291827 0.000777387 0.999995
0.182	0.867525 0.497385 -0.00301671 -0.497385 0.86753 0.000803451 0.00301671 0.000803451 0.999995
0.184	0.867574 0.497298 -0.00311734 -0.497298 0.86758 0.000830085 0.00311734 0.000830085 0.999995
0.186	0.867625 0.497208 -0.00322019 -0.497208 0.867631 0.000857294 0.00322019 0.000857294 0.999994
0.188	0.867677 0.497117 -0.00332528 -0.497117 0.867683 0.000885085 0.00332528 0.000885085 0.999994
0.19	0.86773 0.497024 -0.00343263 -0.497024 0.867736 0.000913462 0.00343263 0.000913462 0.999994
0.192	0.867784 0.496929 -0.00354228 -0.496929 0.867791 0.000942433 0.00354228 0.000942433 0.999993
0.194	0.867839 0.496832 -0.00365424 -0.496832 0.867846 0.000972002 0.00365424 0.000972002 0.999993
0.196	0.867895 0.496733 -0.00376854 -0.496733 0.867903 0.00100217 0.00376854 0.00100217 0.999992
0.198	0.867953 0.496631 -0.00388521 -0.496631 0.867961 0.00103296 0.00388521 0.00103296 0.999992
0.2	0.868012 0.496528 -0.00400426 -0.496528 0.86802 0.00106435 0.00400426 0.00106435 0.999991
0.202	0.868071 0.496422 -0.00412572 -0.496422 0.86808 0.00109637 0.00412572 0.00109637 0.999991
0.204	0.868132 0.496315 -0.00424962 -0.496315 0.868142 0.00112902 0.00424962 0.00112902 0.99999
0.206	0.868194 0.496205 -0.00437599 -0.496205 0.868205 0.00116229 0.00437599 0.00116229 0.99999
0.208	0.868258 0.496093 -0.00450484 -0.496093 0.868268 0.00119621 0.00450484 0.00119621 0.999989
0.21	0.868322 0.495979 -0.0046362 -0.495979 0.868334 0.00123076 0.0046362 0.00123076 0.999988
0.212	0.868388 0.495863 -0.0047701 -0.495863 0.8684 0.00126596 0.0047701 0.00126596 0.999988
0.214	0.868455 0.495744 -0.00490655 -0.495744 0.868468 0.00130182 0.00490655 0.00130182 0.999987
0.216	0.868523 0.495624 -0.00504559 -0.495624 0.868536 0.00133834 0.00504559 0.00133834 0.999986
0.218	0.868592 0.495501 -0.00518724 -0.495501 0.868607 0.00137552 0.00518724 0.00137552 0.999986
0.22	0.868663 0.495375 -0.00533152 -0.495375 0.868678 0.00141337 0.00533152 0.00141337 0.999985
0.222	0.868735 0.495247 -0.00547847 -0.495247 0.868751 0.00145189 0.00547847 0.00145189 0.999984
0.224	0.868808 0.495117 -0.00562809 -0.495117 0.868825 0.00149109 0.00562809 0.00149109 0.999983
0.226	0.868882 0.494985 -0.00578042 -0.494985 0.8689 0.00153098 0.00578042 0.00153098 0.999982
0.228	0.868958 0.49485 -0.00593549 -0.49485 0.868977 0.00157156 0.00593549 0.00157156 0.999981
0.23	0.869035 0.494713 -0.00609331 -0.494713 0.869055 0.00161283 0.00609331 0.00161283 0.99998
0.232	0.869113 0.494573 -0.00625392 -0.494573 0.869134 0.00165481 0.00625392 0.00165481 0.999979
0.234	0.869193 0.494431 -0.00641733 -0.494431 0.869215 0.00169749 0.00641733 0.00169749 0.999978
0.236	0.869274 0.494287 -0.00658357 -0.494287 0.869297 0.00174087 0.00658357 0.00174087 0.999977
0.238	0.869356 0.49414 -0.00675267 -0.49414 0.869381 0.00178498 0.00675267 0.00178498 0.999976
0.24	0.86944 0.49399 -0.00692465 -0.49399 0.869466 0.0018298 0.00692465 0.0018298 0.999974
0.242	0.869525 0.493838 -0.00709953 -0.493838 0.869552 0.00187535 0.00709953 0.00187535 0.999973
0.244	0.869611 0.493683 -0.00727735 -0.493683 0.86964 0.00192163 0.00727735 0.00192163 0.999972
0.246	0.869699 0.493526 -0.00745812 -0.493526 0.869729 0.00196865 0.00745812 0.00196865 0.99997
0.248	0.869788 0.493366 -0.00764187 -0.493366 0.869819 0.0020164 0.00764187 0.0020164 0.999969
0.25	0.869879 0.493204 -0.00782863 -0.493204 0.869911 0.0020649 0.00782863 0.0020649 0.999967
0.252	0.86997 0.493039 -0.00801842 -0.493039 0.870005 0.00211415 0.00801842 0.00211415 0.999966
0.254	0.870064 0.492871 -0.00821126 -0.492871 0.8701 0.00216415 0.00821126 0.00216415 0.999964
0.256	0.870158 0.4927 -0.00840719 -0.4927 0.870196 0.00221491 0.00840719 0.00221491 0.999962
0.258	0.870255 0.492527 -0.00860622 -0.492527 0.870294 0.00226643 0.00860622 0.00226643 0.99996
0.26	0.870352 0.492351 -0.00880838 -0.492351 0.870394 0.00231871 0.00880838 0.00231871 0.999959
0.262	0.870451 0.492172 -0.00901369 -0.492172 0.870495 0.00237177 0.00901369 0.00237177 0.999957
0.264	0.870552 0.491991 -0.00922219 -0.491991 0.870597 0.00242561 0.00922219 0.00242561 0.999955
0.266	0.870654 0.491806 -0.00943389 -0.491806 0.870701 0.00248023 0.00943389 0.00248023 0.999952
0.268	0.870757 0.491619 -0.00964882 -0.491619 0.870807 0.00253563 0.00964882 0.00253563 0.99995
0.27	0.870862 0.491429 -0.00986701 -0.491429 0.870914 0.00259182 0.00986701 0.00259182 0.999948
0.272	0.870968 0.491236 -0.0100885 -0.491236 0.871023 0.0026488 0.0100885 0.0026488 0.999946
0.274	0.871076 0.49104 -0.0103133 -0.49104 0.871133 0.00270658 0.0103133 0.00270658 0.999943
0.276	0.871185 0.490841 -0.0105414 -0.490841 0.871245 0.00276516 0.0105414 0.00276516 0.999941
0.278	0.871296 0.490639 -0.0107728 -0.490639 0.871358 0.00282455 0.0107728 0.00282455 0.999938
0.28	0.871408 0.490435 -0.0110077 -0.490435 0.871473 0.00288475 0.0110077 0.00288475 0.999935
0.282	0.871522 0.490227 -0.0112459 -0.490227 0.87159 0.00294576 0.0112459 0.00294576 0.999932
0.284	0.871638 0.490016 -0.0114876 -0.490016 0.871708 0.00300758 0.0114876 0.00300758 0.999929
0.286	0.871755 0.489802 -0.0117327 -0.489802 0.871828 0.00307023 0.0117327 0.00307023 0.999926
0.288	0.871873 0.489585 -0.0119814 -0.489585 0.87195 0.00313371 0.0119814 0.00313371 0.999923
0.29	0.871993 0.489366 -0.0122335 -0.489366 0.872073 0.00319801 0.0122335 0.00319801 0.99992
0.292	0.872115 0.489142 -0.0124892 -0.489142 0.872198 0.00326314 0.0124892 0.00326314 0.999917
0.294	0.872238 0.488916 -0.0127484 -0.488916 0.872324 0.00332912 0.0127484 0.00332912 0.999913
0.296	0.872362 0.488687 -0.0130112 -0.488687 0.872453 0.00339593 0.0130112 0.00339593 0.99991
0.298	0.872489 0.488454 -0.0132776 -0.488454 0.872583 0.00346358 0.0132776 0.00346358 0.999906
0.3	0.872616 0.488218 -0.0135477 -0.488218 0.872714 0.00353208 0.0135477 0.00353208 0.999902
0.302	0.872746 0.487979 -0.0138214 -0.487979 0.872848 0.00360143 0.0138214 0.00360143 0.999898
0.304	0.872877 0.487737 -0.0140988 -0.487737 0.872983 0.00367163 0.0140988 0.00367163 0.999894
0.306	0.873009 0.487491 -0.0143799 -0.487491 0.87312 0.00374269 0.0143799 0.00374269 0.99989
0.308	0.873144 0.487243 -0.0146648 -0.487243 0.873258 0.00381461 0.0146648 0.00381461 0.999885
0.31	0.873279 0.48699 -0.0149534 -0.48699 0.873399 0.00388739 0.0149534 0.00388739 0.999881
0.312	0.873417 0.486735 -0.0152458 -0.486735 0.873541 0.00396103 0.0152458 0.00396103 0.999876
0.314	0.873556 0.486476 -0.015542 -0.486476 0.873685 0.00403555 0.015542 0.00403555 0.999871
0.316	0.873697 0.486213 -0.0158421 -0.486213 0.87383 0.00411093 0.0158421 0.00411093 0.999866
0.318	0.873839 0.485948 -0.016146 -0.485948 0.873978 0.0041872 0.016146 0.0041872 0.999861
0.32	0.873983 0.485678 -0.0164539 -0.485678 0.874127 0.00426433 0.0164539 0.00426433 0.999856
0.322	0.874128 0.485406 -0.0167656 -0.485406 0.874278 0.00434235 0.0167656 0.00434235 0.99985
0.324	0.874276 0.485129 -0.0170813 -0.485129 0.874431 0.00442125 0.0170813 0.00442125 0.999844
0.326	0.874424 0.48485 -0.017401 -0.48485 0.874586 0.00450103 0.017401 0.00450103 0.999838
0.328	0.874575 0.484566 -0.0177246 -0.484566 0.874743 0.00458171 0.0177246 0.00458171 0.999832
0.33	0.874727 0.484279 -0.0180523 -0.484279 0.874901 0.00466327 0.0180523 0.00466327 0.999826
0.332	0.874881 0.483989 -0.018384 -0.483989 0.875061 0.00474572 0.018384 0.00474572 0.99982
0.334	0.875037 0.483695 -0.0187198 -0.483695 0.875223 0.00482907 0.0187198 0.00482907 0.999813
0.336	0.875194 0.483397 -0.0190597 -0.483397 0.875387 0.00491331 0.0190597 0.00491331 0.999806
0.338	0.875353 0.483095 -0.0194037 -0.483095 0.875553 0.00499845 0.0194037 0.00499845 0.999799
0.34	0.875513 0.48279 -0.0197519 -0.48279 0.875721 0.00508449 0.0197519 0.00508449 0.999792
0.342	0.875675 0.482481 -0.0201043 -0.482481 0.875891 0.00517144 0.0201043 0.00517144 0.999785
0.344	0.875839 0.482169 -0.0204608 -0.482169 0.876063 0.00525929 0.0204608 0.00525929 0.999777
0.346	0.876005 0.481852 -0.0208216 -0.481852 0.876236 0.00534804 0.0208216 0.00534804 0.999769
0.348	0.876172 0.481532 -0.0211867 -0.481532 0.876412 0.0054377 0.0211867 0.0054377 0.999761
0.35	0.876341 0.481208 -0.021556 -0.481208 0.876589 0.00552827 0.021556 0.00552827 0.999752
0.352	0.876512 0.48088 -0.0219297 -0.48088 0.876768 0.00561975 0.0219297 0.00561975 0.999744
0.354	0.876684 0.480548 -0.0223076 -0.480548 0.87695 0.00571215 0.0223076 0.00571215 0.999735
0.356	0.876859 0.480213 -0.02269 -0.480213 0.877133 0.00580545 0.02269 0.00580545 0.999726
0.358	0.877034 0.479873 -0.0230767 -0.479873 0.877318 0.00589967 0.0230767 0.00589967 0.999716
0.36	0.877212 0.47953 -0.0234678 -0.47953 0.877505 0.00599481 0.0234678 0.00599481 0.999707
0.362	0.877391 0.479182 -0.0238634 -0.479182 0.877694 0.00609086 0.0238634 0.00609086 0.999697
0.364	0.877572 0.47883 -0.0242635 -0.47883 0.877886 0.00618783 0.0242635 0.00618783 0.999686
0.366	0.877755 0.478475 -0.024668 -0.478475 0.878079 0.00628572 0.024668 0.00628572 0.999676
0.368	0.877939 0.478115 -0.0250771 -0.478115 0.878274 0.00638452 0.0250771 0.00638452 0.999665
0.37	0.878125 0.477751 -0.0254907 -0.477751 0.878471 0.00648425 0.0254907 0.00648425 0.999654
0.372	0.878313 0.477384 -0.0259089 -0.477384 0.87867 0.00658489 0.0259089 0.00658489 0.999643
0.374	0.878503 0.477012 -0.0263317 -0.477012 0.878872 0.00668646 0.0263317 0.00668646 0.999631
0.376	0.878694 0.476635 -0.0267591 -0.476635 0.879075 0.00678894 0.0267591 0.00678894 0.999619
0.378	0.878887 0.476255 -0.0271912 -0.476255 0.87928 0.00689235 0.0271912 0.00689235 0.999606
0.38	0.879081 0.47587 -0.027628 -0.47587 0.879488 0.00699668 0.027628 0.00699668 0.999594
0.382	0.879278 0.475482 -0.0280694 -0.475482 0.879697 0.00710193 0.0280694 0.00710193 0.999581
0.384	0.879476 0.475088 -0.0285156 -0.475088 0.879909 0.0072081 0.0285156 0.0072081 0.999567
0.386	0.879676 0.474691 -0.0289666 -0.474691 0.880122 0.00731519 0.0289666 0.00731519 0.999554
0.388	0.879877 0.474289 -0.0294223 -0.474289 0.880338 0.0074232 0.0294223 0.0074232 0.99954
0.39	0.880081 0.473883 -0.0298829 -0.473883 0.880556 0.00753213 0.0298829 0.00753213 0.999525
0.392	0.880286 0.473473 -0.0303483 -0.473473 0.880775 0.00764197 0.0303483 0.00764197 0.99951
0.394	0.880492 0.473058 -0.0308186 -0.473058 0.880997 0.00775274 0.0308186 0.00775274 0.999495
0.396	0.880701 0.472638 -0.0312938 -0.472638 0.881221 0.00786443 0.0312938 0.00786443 0.999479
0.398	0.880911 0.472215 -0.0317739 -0.472215 0.881447 0.00797703 0.0317739 0.00797703 0.999463
0.4	0.881123 0.471786 -0.0322589 -0.471786 0.881676 0.00809055 0.0322589 0.00809055 0.999447
0.402	0.881336 0.471354 -0.0327489 -0.471354 0.881906 0.00820498 0.0327489 0.00820498 0.99943
0.404	0.881551 0.470916 -0.0332439 -0.470916 0.882139 0.00832032 0.0332439 0.00832032 0.999413
0.406	0.881768 0.470474 -0.033744 -0.470474 0.882373 0.00843658 0.033744 0.00843658 0.999395
0.408	0.881987 0.470028 -0.0342491 -0.470028 0.88261 0.00855375 0.0342491 0.00855375 0.999377
0.41	0.882207 0.469577 -0.0347593 -0.469577 0.882849 0.00867182 0.0347593 0.00867182 0.999358
0.412	0.882429 0.469121 -0.0352747 -0.469121 0.88309 0.00879081 0.0352747 0.00879081 0.999339
0.414	0.882653 0.46866 -0.0357951 -0.46866 0.883334 0.0089107 0.0357951 0.0089107 0.999319
0.416	0.882878 0.468195 -0.0363207 -0.468195 0.883579 0.00903149 0.0363207 0.00903149 0.999299
0.418	0.883105 0.467725 -0.0368516 -0.467725 0.883827 0.00915318 0.0368516 0.00915318 0.999279
0.42	0.883334 0.46725 -0.0373876 -0.46725 0.884076 0.00927577 0.0373876 0.00927577 0.999258
0.422	0.883565 0.466771 -0.0379289 -0.466771 0.884328 0.00939925 0.0379289 0.00939925 0.999236
0.424	0.883797 0.466286 -0.0384755 -0.466286 0.884583 0.00952363 0.0384755 0.00952363 0.999214
0.426	0.884031 0.465797 -0.0390274 -0.465797 0.884839 0.0096489 0.0390274 0.0096489 0.999192
0.428	0.884266 0.465303 -0.0395846 -0.465303 0.885098 0.00977506 0.0395846 0.00977506 0.999168
0.43	0.884503 0.464804 -0.0401471 -0.464804 0.885358 0.00990211 0.0401471 0.00990211 0.999145
0.432	0.884742 0.4643 -0.0407151 -0.4643 0.885621 0.01003 0.0407151 0.01003 0.99912
0.434	0.884982 0.463791 -0.0412885 -0.463791 0.885886 0.0101588 0.0412885 0.0101588 0.999096
0.436	0.885224 0.463277 -0.0418673 -0.463277 0.886154 0.0102885 0.0418673 0.0102885 0.99907
0.438	0.885468 0.462758 -0.0424516 -0.462758 0.886423 0.0104191 0.0424516 0.0104191 0.999044
0.44	0.885713 0.462234 -0.0430414 -0.462234 0.886695 0.0105505 0.0430414 0.0105505 0.999018
0.442	0.88596 0.461705 -0.0436367 -0.461705 0.886969 0.0106828 0.0436367 0.0106828 0.99899
0.444	0.886208 0.46117 -0.0442375 -0.46117 0.887246 0.0108159 0.0442375 0.0108159 0.998962
0.446	0.886458 0.460631 -0.044844 -0.460631 0.887524 0.0109499 0.044844 0.0109499 0.998934
0.448	0.88671 0.460086 -0.045456 -0.460086 0.887805 0.0110847 0.045456 0.0110847 0.998905
0.45	0.886963 0.459536 -0.0460737 -0.459536 0.888088 0.0112204 0.0460737 0.0112204 0.998875
0.452	0.887218 0.458981 -0.0466971 -0.458981 0.888373 0.011357 0.0466971 0.011357 0.998845
0.454	0.887474 0.458421 -0.0473261 -0.458421 0.888661 0.0114944 0.0473261 0.0114944 0.998813
0.456	0.887732 0.457855 -0.0479609 -0.457855 0.888951 0.0116326 0.0479609 0.0116326 0.998781
0.458	0.887991 0.457284 -0.0486014 -0.457284 0.889243 0.0117716 0.0486014 0.0117716 0.998749
0.46	0.888252 0.456708 -0.0492477 -0.456708 0.889537 0.0119114 0.0492477 0.0119114 0.998716
0.462	0.888515 0.456126 -0.0498998 -0.456126 0.889833 0.0120521 0.0498998 0.0120521 0.998682
0.464	0.888779 0.455539 -0.0505577 -0.455539 0.890132 0.0121936 0.0505577 0.0121936 0.998647
0.466	0.889044 0.454946 -0.0512215 -0.454946 0.890433 0.0123359 0.0512215 0.0123359 0.998611
0.468	0.889311 0.454348 -0.0518912 -0.454348 0.890737 0.012479 0.0518912 0.012479 0.998575
0.47	0.88958 0.453745 -0.0525668 -0.453745 0.891042 0.0126229 0.0525668 0.0126229 0.998538
0.472	0.88985 0.453135 -0.0532483 -0.453135 0.89135 0.0127675 0.0532483 0.0127675 0.9985
0.474	0.890121 0.452521 -0.0539358 -0.452521 0.89166 0.012913 0.0539358 0.012913 0.998461
0.476	0.890394 0.4519 -0.0546293 -0.4519 0.891973 0.0130592 0.0546293 0.0130592 0.998421
0.478	0.890668 0.451274 -0.0553288 -0.451274 0.892288 0.0132062 0.0553288 0.0132062 0.998381
0.48	0.890944 0.450643 -0.0560344 -0.450643 0.892605 0.0133539 0.0560344 0.0133539 0.99834
0.482	0.891221 0.450005 -0.0567461 -0.450005 0.892924 0.0135024 0.0567461 0.0135024 0.998297
0.484	0.8915 0.449362 -0.0574639 -0.449362 0.893245 0.0136516 0.0574639 0.0136516 0.998254
0.486	0.89178 0.448713 -0.0581878 -0.448713 0.893569 0.0138016 0.0581878 0.0138016 0.99821
0.488	0.892061 0.448058 -0.0589179 -0.448058 0.893895 0.0139523 0.0589179 0.0139523 0.998165
0.49	0.892343 0.447398 -0.0596541 -0.447398 0.894224 0.0141037 0.0596541 0.0141037 0.998119
0.492	0.892627 0.446731 -0.0603966 -0.446731 0.894555 0.0142559 0.0603966 0.0142559 0.998073
0.494	0.892912 0.446059 -0.0611454 -0.446059 0.894888 0.0144087 0.0611454 0.0144087 0.998025
0.496	0.893199 0.445381 -0.0619004 -0.445381 0.895223 0.0145623 0.0619004 0.0145623 0.997976
0.498	0.893487 0.444696 -0.0626618 -0.444696 0.89556 0.0147165 0.0626618 0.0147165 0.997926
0.5	0.893776 0.444006 -0.0634295 -0.444006 0.8959 0.0148714 0.0634295 0.0148714 0.997876
0.502	0.894066 0.44331 -0.0642035 -0.44331 0.896242 0.015027 0.0642035 0.015027 0.997824
0.504	0.894358 0.442608 -0.0649839 -0.442608 0.896587 0.0151832 0.0649839 0.0151832 0.997771
0.506	0.89465 0.441899 -0.0657708 -0.441899 0.896934 0.0153401 0.0657708 0.0153401 0.997717
0.508	0.894944 0.441185 -0.0665641 -0.441185 0.897283 0.0154976 0.0665641 0.0154976 0.997662
0.51	0.895239 0.440464 -0.0673639 -0.440464 0.897634 0.0156557 0.0673639 0.0156557 0.997606
0.512	0.895536 0.439737 -0.0681702 -0.439737 0.897987 0.0158145 0.0681702 0.0158145 0.997548
0.514	0.895833 0.439004 -0.068983 -0.439004 0.898343 0.0159739 0.068983 0.0159739 0.99749
0.516	0.896132 0.438265 -0.0698023 -0.438265 0.898701 0.0161338 0.0698023 0.0161338 0.99743
0.518	0.896431 0.437519 -0.0706283 -0.437519 0.899062 0.0162944 0.0706283 0.0162944 0.99737
0.52	0.896732 0.436767 -0.0714609 -0.436767 0.899424 0.0164555 0.0714609 0.0164555 0.997308
0.522	0.897034 0.436009 -0.0723001 -0.436009 0.899789 0.0166172 0.0723001 0.0166172 0.997244
0.524	0.897336 0.435244 -0.073146 -0.435244 0.900156 0.0167795 0.073146 0.0167795 0.99718
0.526	0.89764 0.434473 -0.0739986 -0.434473 0.900526 0.0169423 0.0739986 0.0169423 0.997114
0.528	0.897945 0.433695 -0.0748579 -0.433695 0.900897 0.0171056 0.0748579 0.0171056 0.997047
0.53	0.898251 0.432911 -0.075724 -0.432911 0.901271 0.0172694 0.075724 0.0172694 0.996979
0.532	0.898557 0.43212 -0.0765969 -0.43212 0.901648 0.0174338 0.0765969 0.0174338 0.99691
0.534	0.898865 0.431323 -0.0774766 -0.431323 0.902026 0.0175986 0.0774766 0.0175986 0.996839
0.536	0.899173 0.430519 -0.0783631 -0.430519 0.902407 0.0177639 0.0783631 0.0177639 0.996767
0.538	0.899483 0.429708 -0.0792565 -0.429708 0.90279 0.0179297 0.0792565 0.0179297 0.996693
0.54	0.899793 0.428891 -0.0801567 -0.428891 0.903175 0.0180959 0.0801567 0.0180959 0.996618
0.542	0.900104 0.428067 -0.0810639 -0.428067 0.903562 0.0182626 0.0810639 0.0182626 0.996542
0.544	0.900416 0.427237 -0.0819781 -0.427237 0.903952 0.0184297 0.0819781 0.0184297 0.996464
0.546	0.900728 0.426399 -0.0828992 -0.426399 0.904344 0.0185972 0.0828992 0.0185972 0.996384
0.548	0.901041 0.425555 -0.0838273 -0.425555 0.904738 0.0187651 0.0838273 0.0187651 0.996304
0.55	0.901355 0.424704 -0.0847625 -0.424704 0.905134 0.0189333 0.0847625 0.0189333 0.996221
0.552	0.90167 0.423846 -0.0857047 -0.423846 0.905533 0.019102 0.0857047 0.019102 0.996137
0.554	0.901985 0.422981 -0.0866541 -0.422981 0.905933 0.0192709 0.0866541 0.0192709 0.996052
0.556	0.902301 0.42211 -0.0876105 -0.42211 0.906336 0.0194403 0.0876105 0.0194403 0.995965
0.558	0.902618 0.421231 -0.0885741 -0.421231 0.906741 0.0196099 0.0885741 0.0196099 0.995877
0.56	0.902935 0.420345 -0.0895448 -0.420345 0.907149 0.0197798 0.0895448 0.0197798 0.995786
0.562	0.903253 0.419452 -0.0905228 -0.419452 0.907558 0.01995 0.0905228 0.01995 0.995695
0.564	0.903571 0.418552 -0.0915079 -0.418552 0.90797 0.0201205 0.0915079 0.0201205 0.995601
0.566	0.903889 0.417645 -0.0925004 -0.417645 0.908384 0.0202913 0.0925004 0.0202913 0.995506
0.568	0.904208 0.416731 -0.0935001 -0.416731 0.908799 0.0204622 0.0935001 0.0204622 0.995409
0.57	0.904528 0.41581 -0.0945071 -0.41581 0.909218 0.0206334 0.0945071 0.0206334 0.99531
0.572	0.904848 0.414881 -0.0955214 -0.414881 0.909638 0.0208048 0.0955214 0.0208048 0.99521
0.574	0.905168 0.413945 -0.0965431 -0.413945 0.91006 0.0209764 0.0965431 0.0209764 0.995108
0.576	0.905488 0.413002 -0.0975722 -0.413002 0.910485 0.0211481 0.0975722 0.0211481 0.995004
0.578	0.905809 0.412051 -0.0986087 -0.412051 0.910911 0.02132 0.0986087 0.02132 0.994898
0.58	0.90613 0.411093 -0.0996527 -0.411093 0.91134 0.021492 0.0996527 0.021492 0.99479
0.582	0.906451 0.410128 -0.100704 -0.410128 0.911771 0.0216641 0.100704 0.0216641 0.994681
0.584	0.906772 0.409155 -0.101763 -0.409155 0.912204 0.0218363 0.101763 0.0218363 0.994569
0.586	0.907094 0.408175 -0.102829 -0.408175 0.912638 0.0220086 0.102829 0.0220086 0.994455
0.588	0.907415 0.407187 -0.103903 -0.407187 0.913075 0.0221809 0.103903 0.0221809 0.99434
0.59	0.907737 0.406192 -0.104985 -0.406192 0.913514 0.0223532 0.104985 0.0223532 0.994223
0.592	0.908059 0.405189 -0.106074 -0.405189 0.913956 0.0225255 0.106074 0.0225255 0.994103
0.594	0.90838 0.404178 -0.107171 -0.404178 0.914399 0.0226978 0.107171 0.0226978 0.993981
0.596	0.908702 0.40316 -0.108275 -0.40316 0.914844 0.0228701 0.108275 0.0228701 0.993858
0.598	0.909023 0.402134 -0.109387 -0.402134 0.915291 0.0230423 0.109387 0.0230423 0.993732
0.6	0.909344 0.4011 -0.110507 -0.4011 0.91574 0.0232145 0.110507 0.0232145 0.993604
0.602	0.909665 0.400059 -0.111635 -0.400059 0.916191 0.0233865 0.111635 0.0233865 0.993474
0.604	0.909986 0.399009 -0.11277 -0.399009 0.916644 0.0235584 0.11277 0.0235584 0.993342
0.606	0.910307 0.397952 -0.113913 -0.397952 0.917099 0.0237302 0.113913 0.0237302 0.993207
0.608	0.910627 0.396887 -0.115064 -0.396887 0.917556 0.0239018 0.115064 0.0239018 0.99307
0.61	0.910947 0.395814 -0.116223 -0.395814 0.918015 0.0240732 0.116223 0.0240732 0.992931
0.612	0.911266 0.394733 -0.117389 -0.394733 0.918476 0.0242443 0.117389 0.0242443 0.99279
0.614	0.911585 0.393644 -0.118564 -0.393644 0.918939 0.0244153 0.118564 0.0244153 0.992646
0.616	0.911903 0.392547 -0.119746 -0.392547 0.919403 0.0245859 0.119746 0.0245859 0.9925
0.618	0.912221 0.391442 -0.120936 -0.391442 0.91987 0.0247563 0.120936 0.0247563 0.992352
0.62	0.912539 0.390329 -0.122134 -0.390329 0.920338 0.0249263 0.122134 0.0249263 0.992201
0.622	0.912855 0.389208 -0.123341 -0.389208 0.920808 0.025096 0.123341 0.025096 0.992047
0.624	0.913171 0.388078 -0.124555 -0.388078 0.92128 0.0252653 0.124555 0.0252653 0.991891
0.626	0.913486 0.38694 -0.125777 -0.38694 0.921754 0.0254343 0.125777 0.0254343 0.991732
0.628	0.913801 0.385794 -0.127007 -0.385794 0.92223 0.0256028 0.127007 0.0256028 0.991571
0.63	0.914114 0.38464 -0.128245 -0.38464 0.922707 0.0257708 0.128245 0.0257708 0.991408
0.632	0.914427 0.383477 -0.129492 -0.383477 0.923186 0.0259384 0.129492 0.0259384 0.991241
0.634	0.914739 0.382306 -0.130746 -0.382306 0.923667 0.0261055 0.130746 0.0261055 0.991072
0.636	0.91505 0.381127 -0.132009 -0.381127 0.924149 0.026272 0.132009 0.026272 0.9909
0.638	0.915359 0.379939 -0.13328 -0.379939 0.924634 0.026438 0.13328 0.026438 0.990726
0.64	0.915668 0.378743 -0.134559 -0.378743 0.92512 0.0266034 0.134559 0.0266034 0.990548
0.642	0.915975 0.377538 -0.135846 -0.377538 0.925607 0.0267681 0.135846 0.0267681 0.990368
0.644	0.916282 0.376324 -0.137142 -0.376324 0.926096 0.0269322 0.137142 0.0269322 0.990185
0.646	0.916587 0.375102 -0.138445 -0.375102 0.926587 0.0270957 0.138445 0.0270957 0.989999
0.648	0.91689 0.373872 -0.139757 -0.373872 0.92708 0.0272584 0.139757 0.0272584 0.989811
0.65	0.917193 0.372633 -0.141078 -0.372633 0.927574 0.0274204 0.141078 0.0274204 0.989619
0.652	0.917493 0.371385 -0.142406 -0.371385 0.928069 0.0275816 0.142406 0.0275816 0.989424
0.654	0.917793 0.370128 -0.143743 -0.370128 0.928567 0.027742 0.143743 0.027742 0.989226
0.656	0.91809 0.368862 -0.145089 -0.368862 0.929065 0.0279015 0.145089 0.0279015 0.989025
0.658	0.918387 0.367588 -0.146442 -0.367588 0.929565 0.0280602 0.146442 0.0280602 0.988821
0.66	0.918681 0.366305 -0.147804 -0.366305 0.930067 0.028218 0.147804 0.028218 0.988614
0.662	0.918974 0.365013 -0.149175 -0.365013 0.93057 0.0283749 0.149175 0.0283749 0.988404
0.664	0.919265 0.363712 -0.150554 -0.363712 0.931075 0.0285308 0.150554 0.0285308 0.98819
0.666	0.919554 0.362402 -0.151941 -0.362402 0.93158 0.0286857 0.151941 0.0286857 0.987973
0.668	0.919841 0.361083 -0.153337 -0.361083 0.932088 0.0288396 0.153337 0.0288396 0.987753
0.67	0.920126 0.359755 -0.154741 -0.359755 0.932596 0.0289923 0.154741 0.0289923 0.98753
0.672	0.920409 0.358418 -0.156154 -0.358418 0.933106 0.029144 0.156154 0.029144 0.987303
0.674	0.92069 0.357072 -0.157576 -0.357072 0.933618 0.0292946 0.157576 0.0292946 0.987072
0.676	0.920969 0.355716 -0.159006 -0.355716 0.93413 0.029444 0.159006 0.029444 0.986839
0.678	0.921245 0.354352 -0.160444 -0.354352 0.934644 0.0295921 0.160444 0.0295921 0.986601
0.68	0.921519 0.352978 -0.161891 -0.352978 0.935159 0.029739 0.161891 0.029739 0.98636
0.682	0.921791 0.351595 -0.163347 -0.351595 0.935675 0.0298847 0.163347 0.0298847 0.986116
0.684	0.92206 0.350203 -0.164812 -0.350203 0.936192 0.030029 0.164812 0.030029 0.985868
0.686	0.922327 0.348801 -0.166285 -0.348801 0.936711 0.0301719 0.166285 0.0301719 0.985616
0.688	0.922591 0.34739 -0.167766 -0.34739 0.93723 0.0303135 0.167766 0.0303135 0.985361
0.69	0.922853 0.34597 -0.169257 -0.34597 0.937751 0.0304536 0.169257 0.0304536 0.985101
0.692	0.923111 0.34454 -0.170756 -0.34454 0.938273 0.0305922 0.170756 0.0305922 0.984838
0.694	0.923367 0.343101 -0.172263 -0.343101 0.938796 0.0307293 0.172263 0.0307293 0.984571
0.696	0.92362 0.341653 -0.17378 -0.341653 0.939319 0.0308649 0.17378 0.0308649 0.984301
0.698	0.92387 0.340194 -0.175305 -0.340194 0.939844 0.0309989 0.175305 0.0309989 0.984026
0.7	0.924117 0.338727 -0.176839 -0.338727 0.94037 0.0311312 0.176839 0.0311312 0.983747
0.702	0.924361 0.337249 -0.178382 -0.337249 0.940896 0.0312619 0.178382 0.0312619 0.983465
0.704	0.924601 0.335762 -0.179933 -0.335762 0.941424 0.0313908 0.179933 0.0313908 0.983178
0.706	0.924839 0.334266 -0.181493 -0.334266 0.941952 0.031518 0.181493 0.031518 0.982887
0.708	0.925073 0.332759 -0.183062 -0.332759 0.942481 0.0316433 0.183062 0.0316433 0.982592
0.71	0.925303 0.331243 -0.18464 -0.331243 0.943011 0.0317669 0.18464 0.0317669 0.982293
0.712	0.92553 0.329717 -0.186227 -0.329717 0.943541 0.0318885 0.186227 0.0318885 0.981989
0.714	0.925754 0.328182 -0.187823 -0.328182 0.944072 0.0320082 0.187823 0.0320082 0.981681
0.716	0.925973 0.326636 -0.189427 -0.326636 0.944604 0.0321259 0.189427 0.0321259 0.981369
0.718	0.926189 0.325081 -0.19104 -0.325081 0.945137 0.0322416 0.19104 0.0322416 0.981053
0.72	0.926401 0.323515 -0.192662 -0.323515 0.94567 0.0323553 0.192662 0.0323553 0.980732
0.722	0.926609 0.32194 -0.194293 -0.32194 0.946203 0.0324668 0.194293 0.0324668 0.980406
0.724	0.926813 0.320355 -0.195933 -0.320355 0.946737 0.0325761 0.195933 0.0325761 0.980076
0.726	0.927013 0.31876 -0.197582 -0.31876 0.947272 0.0326833 0.197582 0.0326833 0.979741
0.728	0.927209 0.317155 -0.199239 -0.317155 0.947807 0.0327882 0.199239 0.0327882 0.979402
0.73	0.9274 0.315539 -0.200906 -0.315539 0.948342 0.0328908 0.200906 0.0328908 0.979058
0.732	0.927588 0.313914 -0.202582 -0.313914 0.948878 0.0329911 0.202582 0.0329911 0.97871
0.734	0.92777 0.312279 -0.204266 -0.312279 0.949414 0.0330889 0.204266 0.0330889 0.978356
0.736	0.927948 0.310633 -0.205959 -0.310633 0.949951 0.0331844 0.205959 0.0331844 0.977998
0.738	0.928122 0.308977 -0.207661 -0.308977 0.950487 0.0332773 0.207661 0.0332773 0.977635
0.74	0.92829 0.307311 -0.209373 -0.307311 0.951024 0.0333677 0.209373 0.0333677 0.977266
0.742	0.928454 0.305635 -0.211093 -0.305635 0.951561 0.0334555 0.211093 0.0334555 0.976893
0.744	0.928613 0.303948 -0.212822 -0.303948 0.952098 0.0335406 0.212822 0.0335406 0.976515
0.746	0.928767 0.302252 -0.21456 -0.302252 0.952635 0.0336231 0.21456 0.0336231 0.976132
0.748	0.928916 0.300544 -0.216307 -0.300544 0.953172 0.0337028 0.216307 0.0337028 0.975744
0.75	0.929059 0.298827 -0.218063 -0.298827 0.953709 0.0337797 0.218063 0.0337797 0.97535
0.752	0.929197 0.297099 -0.219828 -0.297099 0.954246 0.0338538 0.219828 0.0338538 0.974951
0.754	0.92933 0.295361 -0.221602 -0.295361 0.954783 0.033925 0.221602 0.033925 0.974547
0.756	0.929458 0.293612 -0.223385 -0.293612 0.95532 0.0339932 0.223385 0.0339932 0.974137
0.758	0.929579 0.291853 -0.225176 -0.291853 0.955857 0.0340584 0.225176 0.0340584 0.973723
0.76	0.929695 0.290083 -0.226977 -0.290083 0.956393 0.0341205 0.226977 0.0341205 0.973302
0.762	0.929805 0.288303 -0.228787 -0.288303 0.956929 0.0341796 0.228787 0.0341796 0.972876
0.764	0.92991 0.286512 -0.230605 -0.286512 0.957465 0.0342354 0.230605 0.0342354 0.972445
0.766	0.930008 0.284711 -0.232433 -0.284711 0.958 0.0342881 0.232433 0.0342881 0.972008
0.768	0.9301 0.282899 -0.23427 -0.282899 0.958535 0.0343374 0.23427 0.0343374 0.971565
0.77	0.930186 0.281077 -0.236115 -0.281077 0.959069 0.0343834 0.236115 0.0343834 0.971117
0.772	0.930265 0.279243 -0.23797 -0.279243 0.959603 0.0344261 0.23797 0.0344261 0.970662
0.774	0.930338 0.2774 -0.239833 -0.2774 0.960136 0.0344652 0.239833 0.0344652 0.970202
0.776	0.930405 0.275545 -0.241705 -0.275545 0.960669 0.0345009 0.241705 0.0345009 0.969736
0.778	0.930465 0.27368 -0.243586 -0.27368 0.961201 0.034533 0.243586 0.034533 0.969264
0.78	0.930518 0.271804 -0.245477 -0.271804 0.961732 0.0345615 0.245477 0.0345615 0.968786
0.782	0.930564 0.269917 -0.247376 -0.269917 0.962262 0.0345863 0.247376 0.0345863 0.968302
0.784	0.930604 0.26802 -0.249284 -0.26802 0.962792 0.0346073 0.249284 0.0346073 0.967812
0.786	0.930636 0.266112 -0.2512 -0.266112 0.96332 0.0346246 0.2512 0.0346246 0.967316
0.788	0.930661 0.264193 -0.253126 -0.264193 0.963848 0.0346379 0.253126 0.0346379 0.966813
0.79	0.930678 0.262263 -0.255061 -0.262263 0.964374 0.0346474 0.255061 0.0346474 0.966304
0.792	0.930689 0.260322 -0.257004 -0.260322 0.9649 0.0346529 0.257004 0.0346529 0.965789
0.794	0.930691 0.258371 -0.258956 -0.258371 0.965424 0.0346543 0.258956 0.0346543 0.965267
0.796	0.930686 0.256408 -0.260918 -0.256408 0.965947 0.0346516 0.260918 0.0346516 0.964739
0.798	0.930673 0.254435 -0.262888 -0.254435 0.966469 0.0346448 0.262888 0.0346448 0.964204
0.8	0.930653 0.252451 -0.264866 -0.252451 0.96699 0.0346337 0.264866 0.0346337 0.963663
0.802	0.930624 0.250455 -0.266854 -0.250455 0.967509 0.0346183 0.266854 0.0346183 0.963115
0.804	0.930587 0.248449 -0.26885 -0.248449 0.968027 0.0345986 0.26885 0.0345986 0.96256
0.806	0.930542 0.246432 -0.270855 -0.246432 0.968543 0.0345744 0.270855 0.0345744 0.961999
0.808	0.930489 0.244404 -0.272869 -0.244404 0.969058 0.0345458 0.272869 0.0345458 0.961431
0.81	0.930427 0.242365 -0.274891 -0.242365 0.969571 0.0345126 0.274891 0.0345126 0.960856
0.812	0.930356 0.240315 -0.276922 -0.240315 0.970083 0.0344748 0.276922 0.0344748 0.960274
0.814	0.930277 0.238254 -0.278962 -0.238254 0.970592 0.0344323 0.278962 0.0344323 0.959685
0.816	0.930189 0.236182 -0.281011 -0.236182 0.9711 0.034385 0.281011 0.034385 0.959088
0.818	0.930092 0.234099 -0.283068 -0.234099 0.971606 0.034333 0.283068 0.034333 0.958485
0.82	0.929985 0.232005 -0.285133 -0.232005 0.972111 0.034276 0.285133 0.034276 0.957875
0.822	0.92987 0.229899 -0.287208 -0.229899 0.972613 0.0342142 0.287208 0.0342142 0.957257
0.824	0.929745 0.227783 -0.28929 -0.227783 0.973113 0.0341473 0.28929 0.0341473 0.956632
0.826	0.929611 0.225656 -0.291382 -0.225656 0.973611 0.0340753 0.291382 0.0340753 0.956
0.828	0.929467 0.223518 -0.293482 -0.223518 0.974107 0.0339981 0.293482 0.0339981 0.95536
0.83	0.929313 0.221368 -0.29559 -0.221368 0.9746 0.0339158 0.29559 0.0339158 0.954713
0.832	0.92915 0.219208 -0.297707 -0.219208 0.975092 0.0338281 0.297707 0.0338281 0.954058
0.834	0.928976 0.217036 -0.299832 -0.217036 0.975581 0.0337351 0.299832 0.0337351 0.953395
0.836	0.928792 0.214853 -0.301965 -0.214853 0.976067 0.0336367 0.301965 0.0336367 0.952725
0.838	0.928598 0.212659 -0.304107 -0.212659 0.976551 0.0335328 0.304107 0.0335328 0.952048
0.84	0.928394 0.210455 -0.306257 -0.210455 0.977032 0.0334233 0.306257 0.0334233 0.951362
0.842	0.928179 0.208239 -0.308415 -0.208239 0.977511 0.0333081 0.308415 0.0333081 0.950668
0.844	0.927954 0.206012 -0.310582 -0.206012 0.977987 0.0331873 0.310582 0.0331873 0.949967
0.846	0.927717 0.203773 -0.312757 -0.203773 0.97846 0.0330606 0.312757 0.0330606 0.949258
0.848	0.92747 0.201524 -0.31494 -0.201524 0.97893 0.0329281 0.31494 0.0329281 0.94854
0.85	0.927212 0.199264 -0.317131 -0.199264 0.979397 0.0327897 0.317131 0.0327897 0.947815
0.852	0.926942 0.196992 -0.31933 -0.196992 0.979861 0.0326453 0.31933 0.0326453 0.947081
0.854	0.926662 0.19471 -0.321537 -0.19471 0.980322 0.0324948 0.321537 0.0324948 0.946339
0.856	0.926369 0.192416 -0.323753 -0.192416 0.98078 0.0323382 0.323753 0.0323382 0.945589
0.858	0.926065 0.190112 -0.325976 -0.190112 0.981235 0.0321754 0.325976 0.0321754 0.94483
0.86	0.92575 0.187796 -0.328207 -0.187796 0.981686 0.0320062 0.328207 0.0320062 0.944063
0.862	0.925422 0.18547 -0.330446 -0.18547 0.982134 0.0318307 0.330446 0.0318307 0.943288
0.864	0.925083 0.183132 -0.332693 -0.183132 0.982579 0.0316488 0.332693 0.0316488 0.942504
0.866	0.924731 0.180783 -0.334947 -0.180783 0.98302 0.0314604 0.334947 0.0314604 0.941712
