0	1 0 0 0 1 0 0 0 1
0.002	1 0 -1.13137e-08 0 1 0 1.13137e-08 0 1
0.004	1 0 -9.05097e-08 0 1 0 9.05097e-08 0 1
0.006	1 0 -3.0547e-07 0 1 0 3.0547e-07 0 1
0.008	1 0 -7.24077e-07 0 1 0 7.24077e-07 0 1
0.01	1 0 -1.41421e-06 0 1 0 1.41421e-06 0 1
0.012	1 0 -2.44376e-06 0 1 0 2.44376e-06 0 1
0.014	1 0 -3.88061e-06 0 1 0 3.88061e-06 0 1
0.016	1 0 -5.79263e-06 0 1 0 5.79263e-06 0 1
0.018	1 0 -8.24771e-06 0 1 0 8.24771e-06 0 1
0.02	1 0 -1.13137e-05 0 1 0 1.13137e-05 0 1
0.022	1 0 -1.50586e-05 0 1 0 1.50586e-05 0 1
0.024	1 0 -1.95502e-05 0 1 0 1.95502e-05 0 1
0.026	1 0 -2.48563e-05 0 1 0 2.48563e-05 0 1
0.028	1 0 -3.1045e-05 0 1 0 3.1045e-05 0 1
0.03	1 0 -3.81841e-05 0 1 0 3.81841e-05 0 1
0.032	1 0 -4.63414e-05 0 1 0 4.63414e-05 0 1
0.034	1 0 -5.55849e-05 0 1 0 5.55849e-05 0 1
0.036	1 0 -6.59824e-05 0 1 0 6.59824e-05 0 1
0.038	1 0 -7.7602e-05 0 1 0 7.7602e-05 0 1
0.04	1 0 -9.05114e-05 0 1 0 9.05114e-05 0 1
0.042	1 0 -0.000104779 0 1 0 0.000104779 0 1
0.044	1 0 -0.000120471 0 1 0 0.000120471 0 1
0.046	1 0 -0.000137658 0 1 0 0.000137658 0 1
0.048	1 0 -0.000156406 0 1 0 0.000156406 0 1
0.05	1 0 -0.000176783 0 1 0 0.000176783 0 1
0.052	1 0 -0.000198858 0 1 0 0.000198858 0 1
0.054	1 0 -0.000222698 0 1 0 0.000222698 0 1
0.056	1 0 -0.000248371 0 1 0 0.000248371 0 1
0.058	1 0 -0.000275946 0 1 0 0.000275946 0 1
0.06	1 0 -0.000305489 0 1 0 0.000305489 0 1
0.062	1 0 -0.00033707 0 1 0 0.00033707 0 1
0.064	1 0 -0.000370756 0 1 0 0.000370756 0 1
0.066	1 0 -0.000406615 0 1 0 0.000406615 0 1
0.068	1 0 -0.000444715 0 1 0 0.000444715 0 1
0.07	1 0 -0.000485124 0 1 0 0.000485124 0 1
0.072	1 0 -0.00052791 0 1 0 0.00052791 0 1
0.074	1 0 -0.000573141 0 1 0 0.000573141 0 1
0.076	1 0 -0.000620886 0 1 0 0.000620886 0 1
0.078	1 0 -0.000671211 0 1 0 0.000671211 0 1
0.08	1 0 -0.000724186 0 1 0 0.000724186 0 1
0.082	1 0 -0.000779878 0 1 0 0.000779878 0 1
0.084	1 0 -0.000838355 0 1 0 0.000838355 0 1
0.086	1 0 -0.000899686 0 1 0 0.000899686 0 1
0.088	1 0 -0.000963939 0 1 0 0.000963939 0 1
0.09	0.999999 0 -0.00103118 0 1 0 0.00103118 0 0.999999
0.092	0.999999 0 -0.00110148 0 1 0 0.00110148 0 0.999999
0.094	0.999999 0 -0.00117491 0 1 0 0.00117491 0 0.999999
0.096	0.999999 0 -0.00125153 0 1 0 0.00125153 0 0.999999
0.098	0.999999 0 -0.00133141 0 1 0 0.00133141 0 0.999999
0.1	0.999999 0 -0.00141463 0 1 0 0.00141463 0 0.999999
0.102	0.999999 0 -0.00150124 0 1 0 0.00150124 0 0.999999
0.104	0.999999 0 -0.00159132 0 1 0 0.00159132 0 0.999999
0.106	0.999999 0 -0.00168494 0 1 0 0.00168494 0 0.999999
0.108	0.999998 0 -0.00178216 0 1 0 0.00178216 0 0.999998
0.11	0.999998 0 -0.00188305 0 1 0 0.00188305 0 0.999998
0.112	0.999998 0 -0.00198768 0 1 0 0.00198768 0 0.999998
0.114	0.999998 0 -0.00209613 0 1 0 0.00209613 0 0.999998
0.116	0.999998 0 -0.00220845 0 1 0 0.00220845 0 0.999998
0.118	0.999997 0 -0.00232471 0 1 0 0.00232471 0 0.999997
0.12	0.999997 0 -0.00244499 0 1 0 0.00244499 0 0.999997
0.122	0.999997 0 -0.00256936 0 1 0 0.00256936 0 0.999997
0.124	0.999996 0 -0.00269788 0 1 0 0.00269788 0 0.999996
0.126	0.999996 0 -0.00283061 0 1 0 0.00283061 0 0.999996
0.128	0.999996 0 -0.00296764 0 1 0 0.00296764 0 0.999996
0.13	0.999995 0 -0.00310902 0 1 0 0.00310902 0 0.999995
0.132	0.999995 0 -0.00325483 0 1 0 0.00325483 0 0.999995
0.134	0.999994 0 -0.00340513 0 1 0 0.00340513 0 0.999994
0.136	0.999994 0 -0.00356 0 1 0 0.00356 0 0.999994
0.138	0.999993 0 -0.00371951 0 1 0 0.00371951 0 0.999993
0.14	0.999992 0 -0.00388371 0 1 0 0.00388371 0 0.999992
0.142	0.999992 0 -0.00405268 0 1 0 0.00405268 0 0.999992
0.144	0.999991 0 -0.0042265 0 1 0 0.0042265 0 0.999991
0.146	0.99999 0 -0.00440522 0 1 0 0.00440522 0 0.99999
0.148	0.999989 0 -0.00458892 0 1 0 0.00458892 0 0.999989
0.15	0.999989 0 -0.00477767 0 1 0 0.00477767 0 0.999989
0.152	0.999988 0 -0.00497153 0 1 0 0.00497153 0 0.999988
0.154	0.999987 0 -0.00517058 0 1 0 0.00517058 0 0.999987
0.156	0.999986 0 -0.00537488 0 1 0 0.00537488 0 0.999986
0.158	0.999984 0 -0.00558451 0 1 0 0.00558451 0 0.999984
0.16	0.999983 0 -0.00579953 0 1 0 0.00579953 0 0.999983
0.162	0.999982 0 -0.00602001 0 1 0 0.00602001 0 0.999982
0.164	0.99998 0 -0.00624603 0 1 0 0.00624603 0 0.99998
0.166	0.999979 0 -0.00647764 0 1 0 0.00647764 0 0.999979
0.168	0.999977 0 -0.00671493 0 1 0 0.00671493 0 0.999977
0.17	0.999976 0 -0.00695796 0 1 0 0.00695796 0 0.999976
0.172	0.999974 0 -0.0072068 0 1 0 0.0072068 0 0.999974
0.174	0.999972 0 -0.00746152 0 1 0 0.00746152 0 0.999972
0.176	0.99997 0 -0.00772219 0 1 0 0.00772219 0 0.99997
0.178	0.999968 0 -0.00798888 0 1 0 0.00798888 0 0.999968
0.18	0.999966 0 -0.00826166 0 1 0 0.00826166 0 0.999966
0.182	0.999964 0 -0.00854061 0 1 0 0.00854061 0 0.999964
0.184	0.999961 0 -0.00882578 0 1 0 0.00882578 0 0.999961
0.186	0.999958 0 -0.00911726 0 1 0 0.00911726 0 0.999958
0.188	0.999956 0 -0.0094151 0 1 0 0.0094151 0 0.999956
0.19	0.999953 0 -0.00971939 0 1 0 0.00971939 0 0.999953
0.192	0.99995 0 -0.0100302 0 1 0 0.0100302 0 0.99995
0.194	0.999946 0 -0.0103476 0 1 0 0.0103476 0 0.999946
0.196	0.999943 0 -0.0106716 0 1 0 0.0106716 0 0.999943
0.198	0.999939 0 -0.0110024 0 1 0 0.0110024 0 0.999939
0.2	0.999936 0 -0.0113399 0 1 0 0.0113399 0 0.999936
0.202	0.999932 0 -0.0116843 0 1 0 0.0116843 0 0.999932
0.204	0.999928 0 -0.0120357 0 1 0 0.0120357 0 0.999928
0.206	0.999923 0 -0.0123941 0 1 0 0.0123941 0 0.999923
0.208	0.999919 0 -0.0127595 0 1 0 0.0127595 0 0.999919
0.21	0.999914 0 -0.0131321 0 1 0 0.0131321 0 0.999914
0.212	0.999909 0 -0.0135119 0 1 0 0.0135119 0 0.999909
0.214	0.999903 0 -0.013899 0 1 0 0.013899 0 0.999903
0.216	0.999898 0 -0.0142935 0 1 0 0.0142935 0 0.999898
0.218	0.999892 0 -0.0146954 0 1 0 0.0146954 0 0.999892
0.22	0.999886 0 -0.0151048 0 1 0 0.0151048 0 0.999886
0.222	0.99988 0 -0.0155218 0 1 0 0.0155218 0 0.99988
0.224	0.999873 0 -0.0159464 0 1 0 0.0159464 0 0.999873
0.226	0.999866 0 -0.0163788 0 1 0 0.0163788 0 0.999866
0.228	0.999859 0 -0.016819 0 1 0 0.016819 0 0.999859
0.23	0.999851 0 -0.017267 0 1 0 0.017267 0 0.999851
0.232	0.999843 0 -0.017723 0 1 0 0.017723 0 0.999843
0.234	0.999835 0 -0.0181869 0 1 0 0.0181869 0 0.999835
0.236	0.999826 0 -0.018659 0 1 0 0.018659 0 0.999826
0.238	0.999817 0 -0.0191392 0 1 0 0.0191392 0 0.999817
0.24	0.999807 0 -0.0196277 0 1 0 0.0196277 0 0.999807
0.242	0.999797 0 -0.0201244 0 1 0 0.0201244 0 0.999797
0.244	0.999787 0 -0.0206296 0 1 0 0.0206296 0 0.999787
0.246	0.999776 0 -0.0211431 0 1 0 0.0211431 0 0.999776
0.248	0.999765 0 -0.0216652 0 1 0 0.0216652 0 0.999765
0.25	0.999754 0 -0.0221959 0 1 0 0.0221959 0 0.999754
0.252	0.999742 0 -0.0227353 0 1 0 0.0227353 0 0.999742
0.254	0.999729 0 -0.0232834 0 1 0 0.0232834 0 0.999729
0.256	0.999716 0 -0.0238403 0 1 0 0.0238403 0 0.999716
0.258	0.999702 0 -0.0244062 0 1 0 0.0244062 0 0.999702
0.26	0.999688 0 -0.0249809 0 1 0 0.0249809 0 0.999688
0.262	0.999673 0 -0.0255648 0 1 0 0.0255648 0 0.999673
0.264	0.999658 0 -0.0261577 0 1 0 0.0261577 0 0.999658
0.266	0.999642 0 -0.0267598 0 1 0 0.0267598 0 0.999642
0.268	0.999625 0 -0.0273712 0 1 0 0.0273712 0 0.999625
0.27	0.999608 0 -0.0279919 0 1 0 0.0279919 0 0.999608
0.272	0.99959 0 -0.028622 0 1 0 0.028622 0 0.99959
0.274	0.999572 0 -0.0292616 0 1 0 0.0292616 0 0.999572
0.276	0.999553 0 -0.0299108 0 1 0 0.0299108 0 0.999553
0.278	0.999533 0 -0.0305696 0 1 0 0.0305696 0 0.999533
0.28	0.999512 0 -0.0312381 0 1 0 0.0312381 0 0.999512
0.282	0.999491 0 -0.0319164 0 1 0 0.0319164 0 0.999491
0.284	0.999468 0 -0.0326045 0 1 0 0.0326045 0 0.999468
0.286	0.999445 0 -0.0333026 0 1 0 0.0333026 0 0.999445
0.288	0.999421 0 -0.0340107 0 1 0 0.0340107 0 0.999421
0.29	0.999397 0 -0.0347289 0 1 0 0.0347289 0 0.999397
0.292	0.999371 0 -0.0354573 0 1 0 0.0354573 0 0.999371
0.294	0.999345 0 -0.0361959 0 1 0 0.0361959 0 0.999345
0.296	0.999317 0 -0.0369448 0 1 0 0.0369448 0 0.999317
0.298	0.999289 0 -0.0377041 0 1 0 0.0377041 0 0.999289
0.3	0.99926 0 -0.0384739 0 1 0 0.0384739 0 0.99926
0.302	0.999229 0 -0.0392542 0 1 0 0.0392542 0 0.999229
0.304	0.999198 0 -0.0400452 0 1 0 0.0400452 0 0.999198
0.306	0.999165 0 -0.0408468 0 1 0 0.0408468 0 0.999165
0.308	0.999132 0 -0.0416592 0 1 0 0.0416592 0 0.999132
0.31	0.999097 0 -0.0424825 0 1 0 0.0424825 0 0.999097
0.312	0.999061 0 -0.0433167 0 1 0 0.0433167 0 0.999061
0.314	0.999024 0 -0.0441619 0 1 0 0.0441619 0 0.999024
0.316	0.998986 0 -0.0450182 0 1 0 0.0450182 0 0.998986
0.318	0.998947 0 -0.0458857 0 1 0 0.0458857 0 0.998947
0.32	0.998906 0 -0.0467644 0 1 0 0.0467644 0 0.998906
0.322	0.998864 0 -0.0476545 0 1 0 0.0476545 0 0.998864
0.324	0.99882 0 -0.0485559 0 1 0 0.0485559 0 0.99882
0.326	0.998776 0 -0.0494688 0 1 0 0.0494688 0 0.998776
0.328	0.998729 0 -0.0503933 0 1 0 0.0503933 0 0.998729
0.33	0.998682 0 -0.0513294 0 1 0 0.0513294 0 0.998682
0.332	0.998633 0 -0.0522772 0 1 0 0.0522772 0 0.998633
0.334	0.998582 0 -0.0532368 0 1 0 0.0532368 0 0.998582
0.336	0.99853 0 -0.0542083 0 1 0 0.0542083 0 0.99853
0.338	0.998476 0 -0.0551917 0 1 0 0.0551917 0 0.998476
0.34	0.99842 0 -0.0561872 0 1 0 0.0561872 0 0.99842
0.342	0.998363 0 -0.0571947 0 1 0 0.0571947 0 0.998363
0.344	0.998304 0 -0.0582145 0 1 0 0.0582145 0 0.998304
0.346	0.998243 0 -0.0592465 0 1 0 0.0592465 0 0.998243
0.348	0.998181 0 -0.0602909 0 1 0 0.0602909 0 0.998181
0.35	0.998116 0 -0.0613477 0 1 0 0.0613477 0 0.998116
0.352	0.99805 0 -0.062417 0 1 0 0.062417 0 0.99805
0.354	0.997982 0 -0.0634989 0 1 0 0.0634989 0 0.997982
0.356	0.997912 0 -0.0645935 0 1 0 0.0645935 0 0.997912
0.358	0.997839 0 -0.0657008 0 1 0 0.0657008 0 0.997839
0.36	0.997765 0 -0.0668209 0 1 0 0.0668209 0 0.997765
0.362	0.997688 0 -0.067954 0 1 0 0.067954 0 0.997688
0.364	0.99761 0 -0.0691 0 1 0 0.0691 0 0.99761
0.366	0.997529 0 -0.0702592 0 1 0 0.0702592 0 0.997529
0.368	0.997446 0 -0.0714314 0 1 0 0.0714314 0 0.997446
0.37	0.99736 0 -0.0726169 0 1 0 0.0726169 0 0.99736
0.372	0.997272 0 -0.0738158 0 1 0 0.0738158 0 0.997272
0.374	0.997181 0 -0.075028 0 1 0 0.075028 0 0.997181
0.376	0.997088 0 -0.0762537 0 1 0 0.0762537 0 0.997088
0.378	0.996993 0 -0.0774929 0 1 0 0.0774929 0 0.996993
0.38	0.996895 0 -0.0787458 0 1 0 0.0787458 0 0.996895
0.382	0.996794 0 -0.0800124 0 1 0 0.0800124 0 0.996794
0.384	0.99669 0 -0.0812928 0 1 0 0.0812928 0 0.99669
0.386	0.996584 0 -0.0825872 0 1 0 0.0825872 0 0.996584
0.388	0.996475 0 -0.0838954 0 1 0 0.0838954 0 0.996475
0.39	0.996362 0 -0.0852177 0 1 0 0.0852177 0 0.996362
0.392	0.996247 0 -0.0865542 0 1 0 0.0865542 0 0.996247
0.394	0.996129 0 -0.0879048 0 1 0 0.0879048 0 0.996129
0.396	0.996007 0 -0.0892698 0 1 0 0.0892698 0 0.996007
0.398	0.995883 0 -0.0906491 0 1 0 0.0906491 0 0.995883
0.4	0.995755 0 -0.0920429 0 1 0 0.0920429 0 0.995755
0.402	0.995624 0 -0.0934513 0 1 0 0.0934513 0 0.995624
0.404	0.995489 0 -0.0948742 0 1 0 0.0948742 0 0.995489
0.406	0.995351 0 -0.0963119 0 1 0 0.0963119 0 0.995351
0.408	0.99521 0 -0.0977643 0 1 0 0.0977643 0 0.99521
0.41	0.995064 0 -0.0992316 0 1 0 0.0992316 0 0.995064
0.412	0.994915 0 -0.100714 0 1 0 0.100714 0 0.994915
0.414	0.994763 0 -0.102211 0 1 0 0.102211 0 0.994763
0.416	0.994606 0 -0.103724 0 1 0 0.103724 0 0.994606
0.418	0.994446 0 -0.105251 0 1 0 0.105251 0 0.994446
0.42	0.994281 0 -0.106794 0 1 0 0.106794 0 0.994281
0.422	0.994113 0 -0.108352 0 1 0 0.108352 0 0.994113
0.424	0.99394 0 -0.109926 0 1 0 0.109926 0 0.99394
0.426	0.993763 0 -0.111515 0 1 0 0.111515 0 0.993763
0.428	0.993581 0 -0.11312 0 1 0 0.11312 0 0.993581
0.43	0.993395 0 -0.114741 0 1 0 0.114741 0 0.993395
0.432	0.993205 0 -0.116377 0 1 0 0.116377 0 0.993205
0.434	0.99301 0 -0.118029 0 1 0 0.118029 0 0.99301
0.436	0.99281 0 -0.119697 0 1 0 0.119697 0 0.99281
0.438	0.992606 0 -0.121381 0 1 0 0.121381 0 0.992606
0.44	0.992397 0 -0.123081 0 1 0 0.123081 0 0.992397
0.442	0.992182 0 -0.124798 0 1 0 0.124798 0 0.992182
0.444	0.991963 0 -0.12653 0 1 0 0.12653 0 0.991963
0.446	0.991738 0 -0.128279 0 1 0 0.128279 0 0.991738
0.448	0.991508 0 -0.130044 0 1 0 0.130044 0 0.991508
0.45	0.991273 0 -0.131826 0 1 0 0.131826 0 0.991273
0.452	0.991032 0 -0.133625 0 1 0 0.133625 0 0.991032
0.454	0.990786 0 -0.13544 0 1 0 0.13544 0 0.990786
0.456	0.990533 0 -0.137272 0 1 0 0.137272 0 0.990533
0.458	0.990275 0 -0.13912 0 1 0 0.13912 0 0.990275
0.46	0.990012 0 -0.140986 0 1 0 0.140986 0 0.990012
0.462	0.989742 0 -0.142868 0 1 0 0.142868 0 0.989742
0.464	0.989466 0 -0.144768 0 1 0 0.144768 0 0.989466
0.466	0.989183 0 -0.146685 0 1 0 0.146685 0 0.989183
0.468	0.988895 0 -0.148618 0 1 0 0.148618 0 0.988895
0.47	0.988599 0 -0.15057 0 1 0 0.15057 0 0.988599
0.472	0.988298 0 -0.152538 0 1 0 0.152538 0 0.988298
0.474	0.987989 0 -0.154524 0 1 0 0.154524 0 0.987989
0.476	0.987674 0 -0.156528 0 1 0 0.156528 0 0.987674
0.478	0.987351 0 -0.158549 0 1 0 0.158549 0 0.987351
0.48	0.987022 0 -0.160587 0 1 0 0.160587 0 0.987022
0.482	0.986685 0 -0.162644 0 1 0 0.162644 0 0.986685
0.484	0.986341 0 -0.164718 0 1 0 0.164718 0 0.986341
0.486	0.985989 0 -0.166811 0 1 0 0.166811 0 0.985989
0.488	0.98563 0 -0.168921 0 1 0 0.168921 0 0.98563
0.49	0.985263 0 -0.171049 0 1 0 0.171049 0 0.985263
0.492	0.984888 0 -0.173195 0 1 0 0.173195 0 0.984888
0.494	0.984504 0 -0.17536 0 1 0 0.17536 0 0.984504
0.496	0.984113 0 -0.177542 0 1 0 0.177542 0 0.984113
0.498	0.983713 0 -0.179744 0 1 0 0.179744 0 0.983713
0.5	0.983305 0 -0.181963 0 1 0 0.181963 0 0.983305
0.502	0.982889 0 -0.184201 0 1 0 0.184201 0 0.982889
0.504	0.982463 0 -0.186457 0 1 0 0.186457 0 0.982463
0.506	0.982029 0 -0.188733 0 1 0 0.188733 0 0.982029
0.508	0.981585 0 -0.191026 0 1 0 0.191026 0 0.981585
0.51	0.981132 0 -0.193339 0 1 0 0.193339 0 0.981132
0.512	0.98067 0 -0.19567 0 1 0 0.19567 0 0.98067
0.514	0.980198 0 -0.19802 0 1 0 0.19802 0 0.980198
0.516	0.979716 0 -0.200389 0 1 0 0.200389 0 0.979716
0.518	0.979225 0 -0.202777 0 1 0 0.202777 0 0.979225
0.52	0.978723 0 -0.205184 0 1 0 0.205184 0 0.978723
0.522	0.978212 0 -0.207611 0 1 0 0.207611 0 0.978212
0.524	0.977689 0 -0.210056 0 1 0 0.210056 0 0.977689
0.526	0.977157 0 -0.212521 0 1 0 0.212521 0 0.977157
0.528	0.976613 0 -0.215005 0 1 0 0.215005 0 0.976613
0.53	0.976059 0 -0.217508 0 1 0 0.217508 0 0.976059
0.532	0.975493 0 -0.220031 0 1 0 0.220031 0 0.975493
0.534	0.974916 0 -0.222573 0 1 0 0.222573 0 0.974916
0.536	0.974328 0 -0.225134 0 1 0 0.225134 0 0.974328
0.538	0.973728 0 -0.227716 0 1 0 0.227716 0 0.973728
0.54	0.973116 0 -0.230317 0 1 0 0.230317 0 0.973116
0.542	0.972492 0 -0.232937 0 1 0 0.232937 0 0.972492
0.544	0.971856 0 -0.235577 0 1 0 0.235577 0 0.971856
0.546	0.971207 0 -0.238237 0 1 0 0.238237 0 0.971207
0.548	0.970546 0 -0.240917 0 1 0 0.240917 0 0.970546
0.55	0.969872 0 -0.243617 0 1 0 0.243617 0 0.969872
0.552	0.969184 0 -0.246336 0 1 0 0.246336 0 0.969184
0.554	0.968484 0 -0.249076 0 1 0 0.249076 0 0.968484
0.556	0.96777 0 -0.251835 0 1 0 0.251835 0 0.96777
0.558	0.967043 0 -0.254615 0 1 0 0.254615 0 0.967043
0.56	0.966301 0 -0.257414 0 1 0 0.257414 0 0.966301
0.562	0.965546 0 -0.260234 0 1 0 0.260234 0 0.965546
0.564	0.964776 0 -0.263074 0 1 0 0.263074 0 0.964776
0.566	0.963991 0 -0.265934 0 1 0 0.265934 0 0.963991
0.568	0.963192 0 -0.268814 0 1 0 0.268814 0 0.963192
0.57	0.962378 0 -0.271714 0 1 0 0.271714 0 0.962378
0.572	0.961549 0 -0.274635 0 1 0 0.274635 0 0.961549
0.574	0.960704 0 -0.277575 0 1 0 0.277575 0 0.960704
0.576	0.959843 0 -0.280536 0 1 0 0.280536 0 0.959843
0.578	0.958967 0 -0.283518 0 1 0 0.283518 0 0.958967
0.58	0.958074 0 -0.286519 0 1 0 0.286519 0 0.958074
0.582	0.957165 0 -0.289542 0 1 0 0.289542 0 0.957165
0.584	0.95624 0 -0.292584 0 1 0 0.292584 0 0.95624
0.586	0.955297 0 -0.295647 0 1 0 0.295647 0 0.955297
0.588	0.954338 0 -0.29873 0 1 0 0.29873 0 0.954338
0.59	0.953361 0 -0.301833 0 1 0 0.301833 0 0.953361
0.592	0.952366 0 -0.304957 0 1 0 0.304957 0 0.952366
0.594	0.951354 0 -0.308101 0 1 0 0.308101 0 0.951354
0.596	0.950323 0 -0.311266 0 1 0 0.311266 0 0.950323
0.598	0.949274 0 -0.314451 0 1 0 0.314451 0 0.949274
0.6	0.948206 0 -0.317656 0 1 0 0.317656 0 0.948206
0.602	0.947119 0 -0.320881 0 1 0 0.320881 0 0.947119
0.604	0.946013 0 -0.324127 0 1 0 0.324127 0 0.946013
0.606	0.944888 0 -0.327394 0 1 0 0.327394 0 0.944888
0.608	0.943743 0 -0.33068 0 1 0 0.33068 0 0.943743
0.61	0.942578 0 -0.333987 0 1 0 0.333987 0 0.942578
0.612	0.941392 0 -0.337314 0 1 0 0.337314 0 0.941392
0.614	0.940186 0 -0.340662 0 1 0 0.340662 0 0.940186
0.616	0.938959 0 -0.344029 0 1 0 0.344029 0 0.938959
0.618	0.937711 0 -0.347417 0 1 0 0.347417 0 0.937711
0.62	0.936441 0 -0.350825 0 1 0 0.350825 0 0.936441
0.622	0.93515 0 -0.354253 0 1 0 0.354253 0 0.93515
0.624	0.933836 0 -0.357701 0 1 0 0.357701 0 0.933836
0.626	0.932501 0 -0.361169 0 1 0 0.361169 0 0.932501
0.628	0.931142 0 -0.364656 0 1 0 0.364656 0 0.931142
0.63	0.929761 0 -0.368164 0 1 0 0.368164 0 0.929761
0.632	0.928356 0 -0.371692 0 1 0 0.371692 0 0.928356
0.634	0.926928 0 -0.375239 0 1 0 0.375239 0 0.926928
0.636	0.925476 0 -0.378806 0 1 0 0.378806 0 0.925476
0.638	0.924 0 -0.382393 0 1 0 0.382393 0 0.924
0.64	0.922499 0 -0.385999 0 1 0 0.385999 0 0.922499
0.642	0.920974 0 -0.389624 0 1 0 0.389624 0 0.920974
0.644	0.919423 0 -0.393269 0 1 0 0.393269 0 0.919423
0.646	0.917847 0 -0.396934 0 1 0 0.396934 0 0.917847
0.648	0.916245 0 -0.400617 0 1 0 0.400617 0 0.916245
0.65	0.914618 0 -0.40432 0 1 0 0.40432 0 0.914618
0.652	0.912963 0 -0.408041 0 1 0 0.408041 0 0.912963
0.654	0.911282 0 -0.411782 0 1 0 0.411782 0 0.911282
0.656	0.909574 0 -0.415541 0 1 0 0.415541 0 0.909574
0.658	0.907839 0 -0.419319 0 1 0 0.419319 0 0.907839
0.66	0.906076 0 -0.423116 0 1 0 0.423116 0 0.906076
0.662	0.904284 0 -0.42693 0 1 0 0.42693 0 0.904284
0.664	0.902465 0 -0.430764 0 1 0 0.430764 0 0.902465
0.666	0.900616 0 -0.434615 0 1 0 0.434615 0 0.900616
0.668	0.898739 0 -0.438484 0 1 0 0.438484 0 0.898739
0.67	0.896832 0 -0.442371 0 1 0 0.442371 0 0.896832
0.672	0.894895 0 -0.446276 0 1 0 0.446276 0 0.894895
0.674	0.892928 0 -0.450199 0 1 0 0.450199 0 0.892928
0.676	0.890931 0 -0.454138 0 1 0 0.454138 0 0.890931
0.678	0.888903 0 -0.458095 0 1 0 0.458095 0 0.888903
0.68	0.886844 0 -0.462069 0 1 0 0.462069 0 0.886844
0.682	0.884753 0 -0.46606 0 1 0 0.46606 0 0.884753
0.684	0.88263 0 -0.470068 0 1 0 0.470068 0 0.88263
0.686	0.880475 0 -0.474092 0 1 0 0.474092 0 0.880475
0.688	0.878288 0 -0.478132 0 1 0 0.478132 0 0.878288
0.69	0.876067 0 -0.482189 0 1 0 0.482189 0 0.876067
0.692	0.873814 0 -0.486261 0 1 0 0.486261 0 0.873814
0.694	0.871526 0 -0.490349 0 1 0 0.490349 0 0.871526
0.696	0.869205 0 -0.494452 0 1 0 0.494452 0 0.869205
0.698	0.866849 0 -0.498571 0 1 0 0.498571 0 0.866849
0.7	0.864458 0 -0.502704 0 1 0 0.502704 0 0.864458
0.702	0.862033 0 -0.506852 0 1 0 0.506852 0 0.862033
0.704	0.859572 0 -0.511015 0 1 0 0.511015 0 0.859572
0.706	0.857075 0 -0.515192 0 1 0 0.515192 0 0.857075
0.708	0.854542 0 -0.519383 0 1 0 0.519383 0 0.854542
0.71	0.851972 0 -0.523587 0 1 0 0.523587 0 0.851972
0.712	0.849366 0 -0.527805 0 1 0 0.527805 0 0.849366
0.714	0.846722 0 -0.532036 0 1 0 0.532036 0 0.846722
0.716	0.844041 0 -0.536279 0 1 0 0.536279 0 0.844041
0.718	0.841321 0 -0.540536 0 1 0 0.540536 0 0.841321
0.72	0.838563 0 -0.544804 0 1 0 0.544804 0 0.838563
0.722	0.835767 0 -0.549084 0 1 0 0.549084 0 0.835767
0.724	0.832932 0 -0.553376 0 1 0 0.553376 0 0.832932
0.726	0.830057 0 -0.557679 0 1 0 0.557679 0 0.830057
0.728	0.827142 0 -0.561993 0 1 0 0.561993 0 0.827142
0.73	0.824187 0 -0.566318 0 1 0 0.566318 0 0.824187
0.732	0.821192 0 -0.570652 0 1 0 0.570652 0 0.821192
0.734	0.818156 0 -0.574997 0 1 0 0.574997 0 0.818156
0.736	0.815078 0 -0.579351 0 1 0 0.579351 0 0.815078
0.738	0.81196 0 -0.583714 0 1 0 0.583714 0 0.81196
0.74	0.808799 0 -0.588085 0 1 0 0.588085 0 0.808799
0.742	0.805596 0 -0.592465 0 1 0 0.592465 0 0.805596
0.744	0.80235 0 -0.596853 0 1 0 0.596853 0 0.80235
0.746	0.799062 0 -0.601249 0 1 0 0.601249 0 0.799062
0.748	0.79573 0 -0.605651 0 1 0 0.605651 0 0.79573
0.75	0.792355 0 -0.61006 0 1 0 0.61006 0 0.792355
0.752	0.788936 0 -0.614476 0 1 0 0.614476 0 0.788936
0.754	0.785472 0 -0.618897 0 1 0 0.618897 0 0.785472
0.756	0.781964 0 -0.623323 0 1 0 0.623323 0 0.781964
0.758	0.778412 0 -0.627754 0 1 0 0.627754 0 0.778412
0.76	0.774813 0 -0.63219 0 1 0 0.63219 0 0.774813
0.762	0.77117 0 -0.636629 0 1 0 0.636629 0 0.77117
0.764	0.76748 0 -0.641072 0 1 0 0.641072 0 0.76748
0.766	0.763745 0 -0.645518 0 1 0 0.645518 0 0.763745
0.768	0.759963 0 -0.649966 0 1 0 0.649966 0 0.759963
0.77	0.756134 0 -0.654417 0 1 0 0.654417 0 0.756134
0.772	0.752258 0 -0.658868 0 1 0 0.658868 0 0.752258
0.774	0.748335 0 -0.663321 0 1 0 0.663321 0 0.748335
0.776	0.744365 0 -0.667773 0 1 0 0.667773 0 0.744365
0.778	0.740346 0 -0.672226 0 1 0 0.672226 0 0.740346
0.78	0.736279 0 -0.676678 0 1 0 0.676678 0 0.736279
0.782	0.732164 0 -0.681128 0 1 0 0.681128 0 0.732164
0.784	0.728001 0 -0.685576 0 1 0 0.685576 0 0.728001
0.786	0.723788 0 -0.690023 0 1 0 0.690023 0 0.723788
0.788	0.719526 0 -0.694465 0 1 0 0.694465 0 0.719526
0.79	0.715215 0 -0.698905 0 1 0 0.698905 0 0.715215
0.792	0.710854 0 -0.70334 0 1 0 0.70334 0 0.710854
0.794	0.706443 0 -0.70777 0 1 0 0.70777 0 0.706443
0.796	0.701982 0 -0.712194 0 1 0 0.712194 0 0.701982
0.798	0.697471 0 -0.716613 0 1 0 0.716613 0 0.697471
0.8	0.69291 0 -0.721025 0 1 0 0.721025 0 0.69291
0.802	0.688297 0 -0.725429 0 1 0 0.725429 0 0.688297
0.804	0.683634 0 -0.729825 0 1 0 0.729825 0 0.683634
0.806	0.67892 0 -0.734212 0 1 0 0.734212 0 0.67892
0.808	0.674154 0 -0.73859 0 1 0 0.73859 0 0.674154
0.81	0.669338 0 -0.742958 0 1 0 0.742958 0 0.669338
0.812	0.664469 0 -0.747316 0 1 0 0.747316 0 0.664469
0.814	0.659549 0 -0.751661 0 1 0 0.751661 0 0.659549
0.816	0.654577 0 -0.755995 0 1 0 0.755995 0 0.654577
0.818	0.649554 0 -0.760316 0 1 0 0.760316 0 0.649554
0.82	0.644478 0 -0.764623 0 1 0 0.764623 0 0.644478
0.822	0.63935 0 -0.768916 0 1 0 0.768916 0 0.63935
0.824	0.63417 0 -0.773194 0 1 0 0.773194 0 0.63417
0.826	0.628937 0 -0.777456 0 1 0 0.777456 0 0.628937
0.828	0.623653 0 -0.781702 0 1 0 0.781702 0 0.623653
0.83	0.618315 0 -0.78593 0 1 0 0.78593 0 0.618315
0.832	0.612926 0 -0.79014 0 1 0 0.79014 0 0.612926
0.834	0.607484 0 -0.794332 0 1 0 0.794332 0 0.607484
0.836	0.601989 0 -0.798504 0 1 0 0.798504 0 0.601989
0.838	0.596442 0 -0.802656 0 1 0 0.802656 0 0.596442
0.84	0.590842 0 -0.806787 0 1 0 0.806787 0 0.590842
0.842	0.58519 0 -0.810896 0 1 0 0.810896 0 0.58519
0.844	0.579485 0 -0.814983 0 1 0 0.814983 0 0.579485
0.846	0.573728 0 -0.819046 0 1 0 0.819046 0 0.573728
0.848	0.567918 0 -0.823085 0 1 0 0.823085 0 0.567918
0.85	0.562056 0 -0.827099 0 1 0 0.827099 0 0.562056
0.852	0.556142 0 -0.831087 0 1 0 0.831087 0 0.556142
0.854	0.550176 0 -0.835049 0 1 0 0.835049 0 0.550176
0.856	0.544158 0 -0.838983 0 1 0 0.838983 0 0.544158
0.858	0.538088 0 -0.842889 0 1 0 0.842889 0 0.538088
0.86	0.531966 0 -0.846766 0 1 0 0.846766 0 0.531966
0.862	0.525792 0 -0.850613 0 1 0 0.850613 0 0.525792
0.864	0.519568 0 -0.854429 0 1 0 0.854429 0 0.519568
0.866	0.513291 0 -0.858214 0 1 0 0.858214 0 0.513291
0.868	0.506964 0 -0.861967 0 1 0 0.861967 0 0.506964
0.87	0.500586 0 -0.865687 0 1 0 0.865687 0 0.500586
0.872	0.494157 0 -0.869372 0 1 0 0.869372 0 0.494157
0.874	0.487678 0 -0.873023 0 1 0 0.873023 0 0.487678
0.876	0.481149 0 -0.876639 0 1 0 0.876639 0 0.481149
0.878	0.47457 0 -0.880218 0 1 0 0.880218 0 0.47457
0.88	0.467942 0 -0.883759 0 1 0 0.883759 0 0.467942
0.882	0.461264 0 -0.887263 0 1 0 0.887263 0 0.461264
0.884	0.454537 0 -0.890728 0 1 0 0.890728 0 0.454537
0.886	0.447762 0 -0.894153 0 1 0 0.894153 0 0.447762
0.888	0.440939 0 -0.897537 0 1 0 0.897537 0 0.440939
0.89	0.434068 0 -0.90088 0 1 0 0.90088 0 0.434068
0.892	0.427149 0 -0.904181 0 1 0 0.904181 0 0.427149
0.894	0.420183 0 -0.907439 0 1 0 0.907439 0 0.420183
0.896	0.413171 0 -0.910654 0 1 0 0.910654 0 0.413171
0.898	0.406112 0 -0.913823 0 1 0 0.913823 0 0.406112
0.9	0.399008 0 -0.916948 0 1 0 0.916948 0 0.399008
0.902	0.391858 0 -0.920026 0 1 0 0.920026 0 0.391858
0.904	0.384664 0 -0.923057 0 1 0 0.923057 0 0.384664
0.906	0.377425 0 -0.92604 0 1 0 0.92604 0 0.377425
0.908	0.370143 0 -0.928975 0 1 0 0.928975 0 0.370143
0.91	0.362817 0 -0.93186 0 1 0 0.93186 0 0.362817
0.912	0.355449 0 -0.934696 0 1 0 0.934696 0 0.355449
0.914	0.348038 0 -0.93748 0 1 0 0.93748 0 0.348038
0.916	0.340586 0 -0.940213 0 1 0 0.940213 0 0.340586
0.918	0.333093 0 -0.942894 0 1 0 0.942894 0 0.333093
0.92	0.32556 0 -0.945521 0 1 0 0.945521 0 0.32556
0.922	0.317987 0 -0.948095 0 1 0 0.948095 0 0.317987
0.924	0.310375 0 -0.950614 0 1 0 0.950614 0 0.310375
0.926	0.302725 0 -0.953078 0 1 0 0.953078 0 0.302725
0.928	0.295037 0 -0.955486 0 1 0 0.955486 0 0.295037
0.93	0.287312 0 -0.957837 0 1 0 0.957837 0 0.287312
0.932	0.279551 0 -0.960131 0 1 0 0.960131 0 0.279551
0.934	0.271754 0 -0.962367 0 1 0 0.962367 0 0.271754
0.936	0.263922 0 -0.964544 0 1 0 0.964544 0 0.263922
0.938	0.256056 0 -0.966662 0 1 0 0.966662 0 0.256056
0.94	0.248157 0 -0.96872 0 1 0 0.96872 0 0.248157
0.942	0.240225 0 -0.970717 0 1 0 0.970717 0 0.240225
0.944	0.232262 0 -0.972653 0 1 0 0.972653 0 0.232262
0.946	0.224268 0 -0.974528 0 1 0 0.974528 0 0.224268
0.948	0.216243 0 -0.97634 0 1 0 0.97634 0 0.216243
0.95	0.208189 0 -0.978089 0 1 0 0.978089 0 0.208189
0.952	0.200107 0 -0.979774 0 1 0 0.979774 0 0.200107
0.954	0.191997 0 -0.981395 0 1 0 0.981395 0 0.191997
0.956	0.183861 0 -0.982952 0 1 0 0.982952 0 0.183861
0.958	0.175699 0 -0.984444 0 1 0 0.984444 0 0.175699
0.96	0.167511 0 -0.98587 0 1 0 0.98587 0 0.167511
0.962	0.1593 0 -0.98723 0 1 0 0.98723 0 0.1593
0.964	0.151066 0 -0.988524 0 1 0 0.988524 0 0.151066
0.966	0.142809 0 -0.98975 0 1 0 0.98975 0 0.142809
0.968	0.134532 0 -0.990909 0 1 0 0.990909 0 0.134532
0.97	0.126234 0 -0.992001 0 1 0 0.992001 0 0.126234
0.972	0.117916 0 -0.993024 0 1 0 0.993024 0 0.117916
0.974	0.109581 0 -0.993978 0 1 0 0.993978 0 0.109581
0.976	0.101228 0 -0.994863 0 1 0 0.994863 0 0.101228
0.978	0.0928583 0 -0.995679 0 1 0 0.995679 0 0.0928583
0.98	0.0844735 0 -0.996426 0 1 0 0.996426 0 0.0844735
0.982	0.0760742 0 -0.997102 0 1 0 0.997102 0 0.0760742
0.984	0.0676615 0 -0.997708 0 1 0 0.997708 0 0.0676615
0.986	0.0592364 0 -0.998244 0 1 0 0.998244 0 0.0592364
0.988	0.0508 0 -0.998709 0 1 0 0.998709 0 0.0508
0.99	0.0423532 0 -0.999103 0 1 0 0.999103 0 0.0423532
0.992	0.033897 0 -0.999425 0 1 0 0.999425 0 0.033897
0.994	0.0254326 0 -0.999677 0 1 0 0.999677 0 0.0254326
0.996	0.0169609 0 -0.999856 0 1 0 0.999856 0 0.0169609
0.998	0.00848305 0 -0.999964 0 1 0 0.999964 0 0.00848305
1	6.12323e-17 0 -1 0 1 0 1 0 6.12323e-17
1.002	1.48504e-08 0 -1 0 1 0 1 0 1.48504e-08
1.004	1.19357e-07 0 -1 0 1 0 1 0 1.19357e-07
1.006	4.04725e-07 0 -1 0 1 0 1 0 4.04725e-07
1.008	9.63898e-07 0 -1 0 1 0 1 0 9.63898e-07
1.01	1.89162e-06 0 -1 0 1 0 1 0 1.89162e-06
1.012	3.28449e-06 0 -1 0 1 0 1 0 3.28449e-06
1.014	5.24103e-06 0 -1 0 1 0 1 0 5.24103e-06
1.016	7.86174e-06 0 -1 0 1 0 1 0 7.86174e-06
1.018	1.12492e-05 0 -1 0 1 0 1 0 1.12492e-05
1.02	1.5508e-05 0 -1 0 1 0 1 0 1.5508e-05
1.022	2.0745e-05 0 -1 0 1 0 1 0 2.0745e-05
1.024	2.70694e-05 0 -1 0 1 0 1 0 2.70694e-05
1.026	3.45926e-05 0 -1 0 1 0 1 0 3.45926e-05
1.028	4.34284e-05 0 -1 0 1 0 1 0 4.34284e-05
1.03	5.36932e-05 0 -1 0 1 0 1 0 5.36932e-05
1.032	6.55059e-05 0 -1 0 1 0 1 0 6.55059e-05
1.034	7.8988e-05 0 -1 0 1 0 1 0 7.8988e-05
1.036	9.42639e-05 0 -1 0 1 0 1 0 9.42639e-05
1.038	0.000111461 0 -1 0 1 0 1 0 0.000111461
1.04	0.000130708 0 -1 0 1 0 1 0 0.000130708
1.042	0.00015214 0 -1 0 1 0 1 0 0.00015214
1.044	0.000175892 0 -1 0 1 0 1 0 0.000175892
1.046	0.000202104 0 -1 0 1 0 1 0 0.000202104
1.048	0.000230918 0 -1 0 1 0 1 0 0.000230918
1.05	0.00026248 0 -1 0 1 0 1 0 0.00026248
1.052	0.000296941 0 -1 0 1 0 1 0 0.000296941
1.054	0.000334454 0 -1 0 1 0 1 0 0.000334454
1.056	0.000375176 0 -1 0 1 0 1 0 0.000375176
1.058	0.000419269 0 -1 0 1 0 1 0 0.000419269
1.06	0.000466897 0 -1 0 1 0 1 0 0.000466897
1.062	0.00051823 0 -1 0 1 0 1 0 0.00051823
1.064	0.000573442 0 -1 0 1 0 1 0 0.000573442
1.066	0.000632711 0 -1 0 1 0 1 0 0.000632711
1.068	0.000696221 0 -1 0 1 0 1 0 0.000696221
1.07	0.000764158 0 -1 0 1 0 1 0 0.000764158
1.072	0.000836715 0 -1 0 1 0 1 0 0.000836715
1.074	0.000914092 0 -1 0 1 0 1 0 0.000914092
1.076	0.00099649 0 -1 0 1 0 1 0 0.00099649
1.078	0.00108412 0 -0.999999 0 1 0 0.999999 0 0.00108412
1.08	0.00117719 0 -0.999999 0 1 0 0.999999 0 0.00117719
1.082	0.00127593 0 -0.999999 0 1 0 0.999999 0 0.00127593
1.084	0.00138056 0 -0.999999 0 1 0 0.999999 0 0.00138056
1.086	0.00149131 0 -0.999999 0 1 0 0.999999 0 0.00149131
1.088	0.00160843 0 -0.999999 0 1 0 0.999999 0 0.00160843
1.09	0.00173216 0 -0.999998 0 1 0 0.999998 0 0.00173216
1.092	0.00186275 0 -0.999998 0 1 0 0.999998 0 0.00186275
1.094	0.00200047 0 -0.999998 0 1 0 0.999998 0 0.00200047
1.096	0.00214557 0 -0.999998 0 1 0 0.999998 0 0.00214557
1.098	0.00229835 0 -0.999997 0 1 0 0.999997 0 0.00229835
1.1	0.00245907 0 -0.999997 0 1 0 0.999997 0 0.00245907
1.102	0.00262804 0 -0.999997 0 1 0 0.999997 0 0.00262804
1.104	0.00280556 0 -0.999996 0 1 0 0.999996 0 0.00280556
1.106	0.00299192 0 -0.999996 0 1 0 0.999996 0 0.00299192
1.108	0.00318747 0 -0.999995 0 1 0 0.999995 0 0.00318747
1.11	0.00339252 0 -0.999994 0 1 0 0.999994 0 0.00339252
1.112	0.00360741 0 -0.999993 0 1 0 0.999993 0 0.00360741
1.114	0.0038325 0 -0.999993 0 1 0 0.999993 0 0.0038325
1.116	0.00406814 0 -0.999992 0 1 0 0.999992 0 0.00406814
1.118	0.00431471 0 -0.999991 0 1 0 0.999991 0 0.00431471
1.12	0.00457258 0 -0.99999 0 1 0 0.99999 0 0.00457258
1.122	0.00484217 0 -0.999988 0 1 0 0.999988 0 0.00484217
1.124	0.00512388 0 -0.999987 0 1 0 0.999987 0 0.00512388
1.126	0.00541812 0 -0.999985 0 1 0 0.999985 0 0.00541812
1.128	0.00572534 0 -0.999984 0 1 0 0.999984 0 0.00572534
1.13	0.00604598 0 -0.999982 0 1 0 0.999982 0 0.00604598
1.132	0.00638052 0 -0.99998 0 1 0 0.99998 0 0.00638052
1.134	0.00672943 0 -0.999977 0 1 0 0.999977 0 0.00672943
1.136	0.00709321 0 -0.999975 0 1 0 0.999975 0 0.00709321
1.138	0.00747237 0 -0.999972 0 1 0 0.999972 0 0.00747237
1.14	0.00786745 0 -0.999969 0 1 0 0.999969 0 0.00786745
1.142	0.00827899 0 -0.999966 0 1 0 0.999966 0 0.00827899
1.144	0.00870757 0 -0.999962 0 1 0 0.999962 0 0.00870757
1.146	0.00915376 0 -0.999958 0 1 0 0.999958 0 0.00915376
1.148	0.00961819 0 -0.999954 0 1 0 0.999954 0 0.00961819
1.15	0.0101015 0 -0.999949 0 1 0 0.999949 0 0.0101015
1.152	0.0106043 0 -0.999944 0 1 0 0.999944 0 0.0106043
1.154	0.0111273 0 -0.999938 0 1 0 0.999938 0 0.0111273
1.156	0.0116712 0 -0.999932 0 1 0 0.999932 0 0.0116712
1.158	0.0122367 0 -0.999925 0 1 0 0.999925 0 0.0122367
1.16	0.0128246 0 -0.999918 0 1 0 0.999918 0 0.0128246
1.162	0.0134356 0 -0.99991 0 1 0 0.99991 0 0.0134356
1.164	0.0140707 0 -0.999901 0 1 0 0.999901 0 0.0140707
1.166	0.0147305 0 -0.999892 0 1 0 0.999892 0 0.0147305
1.168	0.015416 0 -0.999881 0 1 0 0.999881 0 0.015416
1.17	0.0161281 0 -0.99987 0 1 0 0.99987 0 0.0161281
1.172	0.0168677 0 -0.999858 0 1 0 0.999858 0 0.0168677
1.174	0.0176359 0 -0.999844 0 1 0 0.999844 0 0.0176359
1.176	0.0184336 0 -0.99983 0 1 0 0.99983 0 0.0184336
1.178	0.0192619 0 -0.999814 0 1 0 0.999814 0 0.0192619
1.18	0.0201218 0 -0.999798 0 1 0 0.999798 0 0.0201218
1.182	0.0210146 0 -0.999779 0 1 0 0.999779 0 0.0210146
1.184	0.0219415 0 -0.999759 0 1 0 0.999759 0 0.0219415
1.186	0.0229036 0 -0.999738 0 1 0 0.999738 0 0.0229036
1.188	0.0239023 0 -0.999714 0 1 0 0.999714 0 0.0239023
1.19	0.0249388 0 -0.999689 0 1 0 0.999689 0 0.0249388
1.192	0.0260147 0 -0.999662 0 1 0 0.999662 0 0.0260147
1.194	0.0271314 0 -0.999632 0 1 0 0.999632 0 0.0271314
1.196	0.0282904 0 -0.9996 0 1 0 0.9996 0 0.0282904
1.198	0.0294932 0 -0.999565 0 1 0 0.999565 0 0.0294932
1.2	0.0307416 0 -0.999527 0 1 0 0.999527 0 0.0307416
1.202	0.0320373 0 -0.999487 0 1 0 0.999487 0 0.0320373
1.204	0.0333822 0 -0.999443 0 1 0 0.999443 0 0.0333822
1.206	0.034778 0 -0.999395 0 1 0 0.999395 0 0.034778
1.208	0.0362268 0 -0.999344 0 1 0 0.999344 0 0.0362268
1.21	0.0377306 0 -0.999288 0 1 0 0.999288 0 0.0377306
1.212	0.0392917 0 -0.999228 0 1 0 0.999228 0 0.0392917
1.214	0.0409122 0 -0.999163 0 1 0 0.999163 0 0.0409122
1.216	0.0425946 0 -0.999092 0 1 0 0.999092 0 0.0425946
1.218	0.0443414 0 -0.999016 0 1 0 0.999016 0 0.0443414
1.22	0.0461551 0 -0.998934 0 1 0 0.998934 0 0.0461551
1.222	0.0480386 0 -0.998845 0 1 0 0.998845 0 0.0480386
1.224	0.0499946 0 -0.998749 0 1 0 0.998749 0 0.0499946
1.226	0.0520263 0 -0.998646 0 1 0 0.998646 0 0.0520263
1.228	0.0541367 0 -0.998534 0 1 0 0.998534 0 0.0541367
1.23	0.0563292 0 -0.998412 0 1 0 0.998412 0 0.0563292
1.232	0.0586073 0 -0.998281 0 1 0 0.998281 0 0.0586073
1.234	0.0609747 0 -0.998139 0 1 0 0.998139 0 0.0609747
1.236	0.0634353 0 -0.997986 0 1 0 0.997986 0 0.0634353
1.238	0.0659931 0 -0.99782 0 1 0 0.99782 0 0.0659931
1.24	0.0686525 0 -0.997641 0 1 0 0.997641 0 0.0686525
1.242	0.071418 0 -0.997446 0 1 0 0.997446 0 0.071418
1.244	0.0742944 0 -0.997236 0 1 0 0.997236 0 0.0742944
1.246	0.0772867 0 -0.997009 0 1 0 0.997009 0 0.0772867
1.248	0.0804003 0 -0.996763 0 1 0 0.996763 0 0.0804003
1.25	0.0836409 0 -0.996496 0 1 0 0.996496 0 0.0836409
1.252	0.0870143 0 -0.996207 0 1 0 0.996207 0 0.0870143
1.254	0.090527 0 -0.995894 0 1 0 0.995894 0 0.090527
1.256	0.0941856 0 -0.995555 0 1 0 0.995555 0 0.0941856
1.258	0.0979972 0 -0.995187 0 1 0 0.995187 0 0.0979972
1.26	0.101969 0 -0.994788 0 1 0 0.994788 0 0.101969
1.262	0.10611 0 -0.994354 0 1 0 0.994354 0 0.10611
1.264	0.110428 0 -0.993884 0 1 0 0.993884 0 0.110428
1.266	0.114931 0 -0.993373 0 1 0 0.993373 0 0.114931
1.268	0.11963 0 -0.992819 0 1 0 0.992819 0 0.11963
1.27	0.124535 0 -0.992215 0 1 0 0.992215 0 0.124535
1.272	0.129657 0 -0.991559 0 1 0 0.991559 0 0.129657
1.274	0.135006 0 -0.990845 0 1 0 0.990845 0 0.135006
1.276	0.140596 0 -0.990067 0 1 0 0.990067 0 0.140596
1.278	0.14644 0 -0.98922 0 1 0 0.98922 0 0.14644
1.28	0.152552 0 -0.988295 0 1 0 0.988295 0 0.152552
1.282	0.158946 0 -0.987287 0 1 0 0.987287 0 0.158946
1.284	0.165639 0 -0.986186 0 1 0 0.986186 0 0.165639
1.286	0.172648 0 -0.984984 0 1 0 0.984984 0 0.172648
1.288	0.179991 0 -0.983668 0 1 0 0.983668 0 0.179991
1.29	0.187688 0 -0.982229 0 1 0 0.982229 0 0.187688
1.292	0.195761 0 -0.980652 0 1 0 0.980652 0 0.195761
1.294	0.204231 0 -0.978923 0 1 0 0.978923 0 0.204231
1.296	0.213124 0 -0.977025 0 1 0 0.977025 0 0.213124
1.298	0.222465 0 -0.974941 0 1 0 0.974941 0 0.222465
1.3	0.232282 0 -0.972649 0 1 0 0.972649 0 0.232282
1.302	0.242606 0 -0.970125 0 1 0 0.970125 0 0.242606
1.304	0.253469 0 -0.967344 0 1 0 0.967344 0 0.253469
1.306	0.264906 0 -0.964274 0 1 0 0.964274 0 0.264906
1.308	0.276954 0 -0.960883 0 1 0 0.960883 0 0.276954
1.31	0.289654 0 -0.957132 0 1 0 0.957132 0 0.289654
1.312	0.303048 0 -0.952975 0 1 0 0.952975 0 0.303048
1.314	0.317183 0 -0.948364 0 1 0 0.948364 0 0.317183
1.316	0.332108 0 -0.943241 0 1 0 0.943241 0 0.332108
1.318	0.347876 0 -0.93754 0 1 0 0.93754 0 0.347876
1.32	0.364544 0 -0.931186 0 1 0 0.931186 0 0.364544
1.322	0.38217 0 -0.924092 0 1 0 0.924092 0 0.38217
1.324	0.400817 0 -0.916158 0 1 0 0.916158 0 0.400817
1.326	0.420552 0 -0.907269 0 1 0 0.907269 0 0.420552
1.328	0.441441 0 -0.89729 0 1 0 0.89729 0 0.441441
1.33	0.463555 0 -0.886068 0 1 0 0.886068 0 0.463555
1.332	0.486963 0 -0.873422 0 1 0 0.873422 0 0.486963
1.334	0.511733 0 -0.859144 0 1 0 0.859144 0 0.511733
1.336	0.537929 0 -0.84299 0 1 0 0.84299 0 0.537929
1.338	0.565604 0 -0.824677 0 1 0 0.824677 0 0.565604
1.34	0.5948 0 -0.803874 0 1 0 0.803874 0 0.5948
1.342	0.625534 0 -0.780197 0 1 0 0.780197 0 0.625534
1.344	0.657793 0 -0.753199 0 1 0 0.753199 0 0.657793
1.346	0.691517 0 -0.722361 0 1 0 0.722361 0 0.691517
1.348	0.726577 0 -0.687085 0 1 0 0.687085 0 0.726577
1.35	0.762755 0 -0.646688 0 1 0 0.646688 0 0.762755
1.352	0.799706 0 -0.600392 0 1 0 0.600392 0 0.799706
1.354	0.836913 0 -0.547335 0 1 0 0.547335 0 0.836913
1.356	0.873638 0 -0.486576 0 1 0 0.486576 0 0.873638
1.358	0.908848 0 -0.417127 0 1 0 0.417127 0 0.908848
1.36	0.941141 0 -0.338013 0 1 0 0.338013 0 0.941141
1.362	0.968667 0 -0.248363 0 1 0 0.248363 0 0.968667
1.364	0.989053 0 -0.147559 0 1 0 0.147559 0 0.989053
1.366	0.999372 0 -0.0354469 0 1 0 0.0354469 0 0.999372
1.368	0.996174 0 0.0873872 0 1 0 -0.0873872 -0 0.996174
1.37	0.975659 0 0.219293 0 1 0 -0.219293 -0 0.975659
1.372	0.934012 0 0.357242 0 1 0 -0.357242 -0 0.934012
1.374	0.867963 0 0.496629 0 1 0 -0.496629 -0 0.867963
1.376	0.775521 0 0.631322 0 1 0 -0.631322 -0 0.775521
1.378	0.656739 0 0.754118 0 1 0 -0.754118 -0 0.656739
1.38	0.514275 0 0.857625 0 1 0 -0.857625 -0 0.514275
1.382	0.353465 0 0.935448 0 1 0 -0.935448 -0 0.353465
1.384	0.18175 0 0.983345 0 1 0 -0.983345 -0 0.18175
1.386	0.00755593 0 0.999971 0 1 0 -0.999971 -0 0.00755593
1.388	-0.161045 -0 0.986947 0 1 0 -0.986947 0 -0.161045
1.39	-0.31746 -0 0.948272 0 1 0 -0.948272 0 -0.31746
1.392	-0.457211 -0 0.889359 0 1 0 -0.889359 0 -0.457211
1.394	-0.578011 -0 0.816029 0 1 0 -0.816029 0 -0.578011
1.396	-0.679449 -0 0.733723 0 1 0 -0.733723 0 -0.679449
1.398	-0.762462 -0 0.647033 0 1 0 -0.647033 0 -0.762462
1.4	-0.828811 -0 0.559529 0 1 0 -0.559529 0 -0.828811
1.402	-0.88064 -0 0.473787 0 1 0 -0.473787 0 -0.88064
1.404	-0.920165 -0 0.39153 0 1 0 -0.39153 0 -0.920165
1.406	-0.949488 -0 0.313804 0 1 0 -0.313804 0 -0.949488
1.408	-0.970487 -0 0.241154 0 1 0 -0.241154 0 -0.970487
1.41	-0.984786 -0 0.17377 0 1 0 -0.17377 0 -0.984786
1.412	-0.993753 -0 0.111604 0 1 0 -0.111604 0 -0.993753
1.414	-0.998516 -0 0.0544607 0 1 0 -0.0544607 0 -0.998516
1.416	-0.999998 -0 0.00205512 0 1 0 -0.00205512 0 -0.999998
1.418	-0.998944 0 -0.0459413 0 1 0 0.0459413 0 -0.998944
1.42	-0.995953 0 -0.0898727 0 1 0 0.0898727 0 -0.995953
1.422	-0.991503 0 -0.130081 0 1 0 0.130081 0 -0.991503
1.424	-0.985975 0 -0.166894 0 1 0 0.166894 0 -0.985975
1.426	-0.979669 0 -0.200618 0 1 0 0.200618 0 -0.979669
1.428	-0.972825 0 -0.23154 0 1 0 0.23154 0 -0.972825
1.43	-0.965631 0 -0.259918 0 1 0 0.259918 0 -0.965631
1.432	-0.958233 0 -0.285989 0 1 0 0.285989 0 -0.958233
1.434	-0.950747 0 -0.309967 0 1 0 0.309967 0 -0.950747
1.436	-0.943264 0 -0.332045 0 1 0 0.332045 0 -0.943264
1.438	-0.935851 0 -0.352395 0 1 0 0.352395 0 -0.935851
1.44	-0.928564 0 -0.371173 0 1 0 0.371173 0 -0.928564
1.442	-0.921441 0 -0.388518 0 1 0 0.388518 0 -0.921441
1.444	-0.914514 0 -0.404555 0 1 0 0.404555 0 -0.914514
1.446	-0.907803 0 -0.419397 0 1 0 0.419397 0 -0.907803
1.448	-0.901325 0 -0.433144 0 1 0 0.433144 0 -0.901325
1.45	-0.89509 0 -0.445887 0 1 0 0.445887 0 -0.89509
1.452	-0.889103 0 -0.457706 0 1 0 0.457706 0 -0.889103
1.454	-0.88337 0 -0.468676 0 1 0 0.468676 0 -0.88337
1.456	-0.877889 0 -0.478863 0 1 0 0.478863 0 -0.877889
1.458	-0.872661 0 -0.488326 0 1 0 0.488326 0 -0.872661
1.46	-0.867682 0 -0.49712 0 1 0 0.49712 0 -0.867682
1.462	-0.862948 0 -0.505292 0 1 0 0.505292 0 -0.862948
1.464	-0.858456 0 -0.512888 0 1 0 0.512888 0 -0.858456
1.466	-0.854198 0 -0.519947 0 1 0 0.519947 0 -0.854198
1.468	-0.850171 0 -0.526506 0 1 0 0.526506 0 -0.850171
1.47	-0.846368 0 -0.532599 0 1 0 0.532599 0 -0.846368
1.472	-0.842782 0 -0.538255 0 1 0 0.538255 0 -0.842782
1.474	-0.839407 0 -0.543503 0 1 0 0.543503 0 -0.839407
1.476	-0.836238 0 -0.548367 0 1 0 0.548367 0 -0.836238
1.478	-0.833267 0 -0.552871 0 1 0 0.552871 0 -0.833267
1.48	-0.830489 0 -0.557035 0 1 0 0.557035 0 -0.830489
1.482	-0.827897 0 -0.56088 0 1 0 0.56088 0 -0.827897
1.484	-0.825486 0 -0.564422 0 1 0 0.564422 0 -0.825486
1.486	-0.82325 0 -0.567679 0 1 0 0.567679 0 -0.82325
1.488	-0.821183 0 -0.570665 0 1 0 0.570665 0 -0.821183
1.49	-0.819279 0 -0.573395 0 1 0 0.573395 0 -0.819279
1.492	-0.817534 0 -0.575881 0 1 0 0.575881 0 -0.817534
1.494	-0.815942 0 -0.578134 0 1 0 0.578134 0 -0.815942
1.496	-0.814498 0 -0.580166 0 1 0 0.580166 0 -0.814498
1.498	-0.813198 0 -0.581987 0 1 0 0.581987 0 -0.813198
1.5	-0.812037 0 -0.583607 0 1 0 0.583607 0 -0.812037
1.502	-0.81101 0 -0.585032 0 1 0 0.585032 0 -0.81101
1.504	-0.810114 0 -0.586273 0 1 0 0.586273 0 -0.810114
1.506	-0.809344 0 -0.587335 0 1 0 0.587335 0 -0.809344
1.508	-0.808696 0 -0.588226 0 1 0 0.588226 0 -0.808696
1.51	-0.808168 0 -0.588952 0 1 0 0.588952 0 -0.808168
1.512	-0.807754 0 -0.58952 0 1 0 0.58952 0 -0.807754
1.514	-0.807452 0 -0.589934 0 1 0 0.589934 0 -0.807452
1.516	-0.807258 0 -0.590199 0 1 0 0.590199 0 -0.807258
